    0    0    0  0.000000000  0.003051284
   -1   -1    1  0.041413081  0.049379158
    1    1    1  0.041413081  0.049379158
   -1   -1   -1  0.044357609 -0.046430207
    1    1   -1  0.044357609 -0.046430207
    0    0    2 -0.004675274  0.000000736
    0    0   -2 -0.004675274  0.000000736
   -2   -2    0  0.060007938  0.002790274
    2    2    0  0.060007938  0.002790274
    1    1    3  0.025643907 -0.025125661
    1    1   -3  0.022929959  0.027820717
   -1   -1   -3  0.022929959  0.027820717
   -1   -1    3  0.025643907 -0.025125661
   -2   -2   -2 -0.001971275 -0.000010876
    2    2    2 -0.001971275 -0.000010876
    2    2   -2 -0.001971275 -0.000010876
   -2   -2    2 -0.001971275 -0.000010876
    0    0   -4  0.041032212  0.002572028
    0    0    4  0.041032212  0.002572028
   -3   -3   -1  0.019216132 -0.017822708
    3    3    1  0.016697737  0.020299977
   -3   -3    1  0.016697737  0.020299977
    3    3   -1  0.019216132 -0.017822708
   -2   -2   -4  0.031986274  0.002381608
    2    2    4  0.031986274  0.002381608
   -2   -2    4  0.031986274  0.002381608
    2    2   -4  0.031986274  0.002381608
   -1   -1   -5  0.015597765 -0.014051717
    1    1    5  0.013251265  0.016336859
   -1   -1    5  0.013251265  0.016336859
    1    1   -5  0.015597765 -0.014051717
    3    3   -3  0.013251265  0.016336859
   -3   -3   -3  0.013251265  0.016336859
   -3   -3    3  0.015597765 -0.014051717
    3    3    3  0.015597765 -0.014051717
   -4   -4    0  0.026383982  0.002211976
    4    4    0  0.026383982  0.002211976
    0    0    6 -0.000650453 -0.000040623
   -4   -4   -2 -0.000650453 -0.000040623
    4    4   -2 -0.000650453 -0.000040623
    4    4    2 -0.000650453 -0.000040623
    0    0   -6 -0.000650453 -0.000040623
   -4   -4    2 -0.000650453 -0.000040623
   -3   -3    5  0.009272749  0.011896709
    3    3    5  0.009272749  0.011896709
   -3   -3   -5  0.011325461 -0.009938608
    3    3   -5  0.011325461 -0.009938608
   -2   -2   -6 -0.000615967 -0.000048188
   -2   -2    6 -0.000615967 -0.000048188
    2    2    6 -0.000615967 -0.000048188
    2    2   -6 -0.000615967 -0.000048188
    4    4   -4  0.019432757  0.001920072
    4    4    4  0.019432757  0.001920072
   -4   -4    4  0.019432757  0.001920072
   -4   -4   -4  0.019432757  0.001920072
    5    5    1  0.007975611  0.010451970
   -5   -5    1  0.007975611  0.010451970
    5    5   -1  0.009900643 -0.008634719
   -5   -5   -1  0.009900643 -0.008634719
   -1   -1   -7  0.007975611  0.010451970
    1    1    7  0.009900643 -0.008634719
   -1   -1    7  0.009900643 -0.008634719
    1    1   -7  0.007975611  0.010451970
    5    5    3  0.008747752 -0.007600551
   -5   -5    3  0.008747752 -0.007600551
   -5   -5   -3  0.006940042  0.009289351
    5    5   -3  0.006940042  0.009289351
    0    0    8  0.015123469  0.001676594
    0    0   -8  0.015123469  0.001676594
   -3   -3    7  0.007793210 -0.006757006
    3    3    7  0.007793210 -0.006757006
    3    3   -7  0.006093756  0.008328242
   -3   -3   -7  0.006093756  0.008328242
    4    4    6 -0.000598886 -0.000064632
    4    4   -6 -0.000598886 -0.000064632
   -4   -4   -6 -0.000598886 -0.000064632
   -4   -4    6 -0.000598886 -0.000064632
   -2   -2    8  0.013512752  0.001569329
    2    2   -8  0.013512752  0.001569329
   -2   -2   -8  0.013512752  0.001569329
    2    2    8  0.013512752  0.001569329
   -6   -6    0  0.013512752  0.001569329
    6    6    0  0.013512752  0.001569329
    5    5   -5  0.006989446 -0.006054650
   -5   -5   -5  0.006989446 -0.006054650
    5    5    5  0.005390212  0.007517967
   -5   -5    5  0.005390212  0.007517967
   -6   -6   -2 -0.000596022 -0.000068388
    6    6    2 -0.000596022 -0.000068388
    6    6   -2 -0.000596022 -0.000068388
   -6   -6    2 -0.000596022 -0.000068388
    1    1    9  0.004797558  0.006824517
    1    1   -9  0.006303757 -0.005460514
   -1   -1   -9  0.006303757 -0.005460514
   -1   -1    9  0.004797558  0.006824517
    6    6   -4  0.010985290  0.001378640
   -6   -6   -4  0.010985290  0.001378640
    6    6    4  0.010985290  0.001378640
   -6   -6    4  0.010985290  0.001378640
   -4   -4   -8  0.009977347  0.001293638
   -4   -4    8  0.009977347  0.001293638
    4    4   -8  0.009977347  0.001293638
    4    4    8  0.009977347  0.001293638
   -5   -5   -7  0.003859595  0.005698755
    5    5   -7  0.003859595  0.005698755
   -5   -5    7  0.005198524 -0.004510991
    5    5    7  0.005198524 -0.004510991
    7    7    1  0.003859595  0.005698755
   -7   -7    1  0.003859595  0.005698755
    3    3    9  0.003859595  0.005698755
   -3   -3   -9  0.005198524 -0.004510991
    7    7   -1  0.005198524 -0.004510991
    3    3   -9  0.005198524 -0.004510991
   -3   -3    9  0.003859595  0.005698755
   -7   -7   -1  0.005198524 -0.004510991
    0    0   10 -0.000574531 -0.000075794
    0    0  -10 -0.000574531 -0.000075794
    7    7   -3  0.003484530  0.005235783
    7    7    3  0.004748086 -0.004126372
   -7   -7    3  0.004748086 -0.004126372
   -7   -7   -3  0.003484530  0.005235783
   -2   -2  -10 -0.000563273 -0.000077228
   -2   -2   10 -0.000563273 -0.000077228
    2    2   10 -0.000563273 -0.000077228
    2    2  -10 -0.000563273 -0.000077228
    6    6    6 -0.000563273 -0.000077228
   -6   -6    6 -0.000563273 -0.000077228
    6    6   -6 -0.000563273 -0.000077228
   -6   -6   -6 -0.000563273 -0.000077228
   -7   -7    5  0.002871525  0.004458061
   -7   -7   -5  0.003998540 -0.003488738
    1    1   11  0.003998540 -0.003488738
    1    1  -11  0.002871525  0.004458061
   -1   -1   11  0.003998540 -0.003488738
    7    7   -5  0.003998540 -0.003488738
    7    7    5  0.002871525  0.004458061
   -1   -1  -11  0.002871525  0.004458061
    8    8    0  0.007037696  0.001008726
   -8   -8    0  0.007037696  0.001008726
    5    5   -9  0.003684460 -0.003222315
    5    5    9  0.002619380  0.004128938
   -5   -5   -9  0.003684460 -0.003222315
   -5   -5    9  0.002619380  0.004128938
   -4   -4  -10 -0.000521829 -0.000079256
    4    4  -10 -0.000521829 -0.000079256
    4    4   10 -0.000521829 -0.000079256
   -4   -4   10 -0.000521829 -0.000079256
   -8   -8   -2 -0.000521829 -0.000079256
    8    8   -2 -0.000521829 -0.000079256
    8    8    2 -0.000521829 -0.000079256
   -8   -8    2 -0.000521829 -0.000079256
    6    6    8  0.006496161  0.000948988
    6    6   -8  0.006496161  0.000948988
   -6   -6    8  0.006496161  0.000948988
   -6   -6   -8  0.006496161  0.000948988
    3    3  -11  0.002396246  0.003832323
    3    3   11  0.003403175 -0.002984058
   -3   -3   11  0.003403175 -0.002984058
   -3   -3  -11  0.002396246  0.003832323
    8    8   -4  0.006010417  0.000893106
    0    0  -12  0.006010417  0.000893106
    8    8    4  0.006010417  0.000893106
    0    0   12  0.006010417  0.000893106
   -8   -8    4  0.006010417  0.000893106
   -8   -8   -4  0.006010417  0.000893106
   -7   -7   -7  0.002197934  0.003563952
    7    7    7  0.003150207 -0.002770061
   -7   -7    7  0.003150207 -0.002770061
    7    7   -7  0.002197934  0.003563952
    2    2  -12  0.005572987  0.000840779
    2    2   12  0.005572987  0.000840779
   -2   -2   12  0.005572987  0.000840779
   -2   -2  -12  0.005572987  0.000840779
    9    9    1  0.001862521  0.003098327
   -9   -9   -1  0.002714957 -0.002402492
    9    9   -1  0.002714957 -0.002402492
   -9   -9    1  0.001862521  0.003098327
   -8   -8   -6 -0.000459730 -0.000078221
   -8   -8    6 -0.000459730 -0.000078221
    8    8    6 -0.000459730 -0.000078221
    8    8   -6 -0.000459730 -0.000078221
    5    5  -11  0.001720133  0.002895576
   -5   -5  -11  0.001720133  0.002895576
   -5   -5   11  0.002526939 -0.002243975
   -1   -1   13  0.001720133  0.002895576
    1    1  -13  0.002526939 -0.002243975
    5    5   11  0.002526939 -0.002243975
   -1   -1  -13  0.002526939 -0.002243975
    1    1   13  0.001720133  0.002895576
    9    9    3  0.002526939 -0.002243975
    9    9   -3  0.001720133  0.002895576
   -9   -9   -3  0.001720133  0.002895576
   -9   -9    3  0.002526939 -0.002243975
    6    6  -10 -0.000444329 -0.000077505
   -6   -6  -10 -0.000444329 -0.000077505
    6    6   10 -0.000444329 -0.000077505
   -6   -6   10 -0.000444329 -0.000077505
    4    4   12  0.004493121  0.000702523
   -4   -4  -12  0.004493121  0.000702523
    4    4  -12  0.004493121  0.000702523
   -4   -4   12  0.004493121  0.000702523
    7    7   -9  0.002355560 -0.002099638
    7    7    9  0.001591787  0.002709878
   -7   -7   -9  0.002355560 -0.002099638
   -7   -7    9  0.001591787  0.002709878
    3    3   13  0.001475762  0.002539386
   -3   -3   13  0.001475762  0.002539386
   -3   -3  -13  0.002198921 -0.001967850
    3    3  -13  0.002198921 -0.001967850
   -9   -9    5  0.001475762  0.002539386
    9    9   -5  0.002198921 -0.001967850
    9    9    5  0.001475762  0.002539386
   -9   -9   -5  0.002198921 -0.001967850
   -8   -8    8  0.003923835  0.000623771
   -8   -8   -8  0.003923835  0.000623771
    8    8   -8  0.003923835  0.000623771
    8    8    8  0.003923835  0.000623771
    0    0   14 -0.000400098 -0.000074615
    0    0  -14 -0.000400098 -0.000074615
   10   10    0  0.003674592  0.000587865
  -10  -10    0  0.003674592  0.000587865
   10   10    2 -0.000386182 -0.000073461
   10   10   -2 -0.000386182 -0.000073461
  -10  -10   -2 -0.000386182 -0.000073461
  -10  -10    2 -0.000386182 -0.000073461
    2    2  -14 -0.000386182 -0.000073461
   -2   -2   14 -0.000386182 -0.000073461
    2    2   14 -0.000386182 -0.000073461
   -2   -2  -14 -0.000386182 -0.000073461
   -9   -9    7  0.001802226 -0.001634710
    9    9    7  0.001802226 -0.001634710
   -9   -9   -7  0.001187938  0.002104217
    9    9   -7  0.001187938  0.002104217
  -10  -10   -4  0.003234829  0.000522220
   10   10   -4  0.003234829  0.000522220
  -10  -10    4  0.003234829  0.000522220
   10   10    4  0.003234829  0.000522220
    6    6   12  0.003234829  0.000522220
    6    6  -12  0.003234829  0.000522220
   -6   -6  -12  0.003234829  0.000522220
   -6   -6   12  0.003234829  0.000522220
    5    5  -13  0.001690311 -0.001540889
   -5   -5   13  0.001108443  0.001980537
    5    5   13  0.001108443  0.001980537
   -5   -5  -13  0.001690311 -0.001540889
    7    7   11  0.001690311 -0.001540889
    7    7  -11  0.001108443  0.001980537
   -7   -7   11  0.001690311 -0.001540889
   -7   -7  -11  0.001108443  0.001980537
    1    1   15  0.001586893 -0.001454252
    1    1  -15  0.001035712  0.001865878
   -1   -1  -15  0.001035712  0.001865878
   -1   -1   15  0.001586893 -0.001454252
   -8   -8  -10 -0.000347225 -0.000069607
   -4   -4  -14 -0.000347225 -0.000069607
    4    4  -14 -0.000347225 -0.000069607
   -4   -4   14 -0.000347225 -0.000069607
    8    8   10 -0.000347225 -0.000069607
    4    4   14 -0.000347225 -0.000069607
    8    8  -10 -0.000347225 -0.000069607
   -8   -8   10 -0.000347225 -0.000069607
  -10  -10   -6 -0.000335180 -0.000068227
  -10  -10    6 -0.000335180 -0.000068227
   10   10   -6 -0.000335180 -0.000068227
   10   10    6 -0.000335180 -0.000068227
   -3   -3   15  0.001402387 -0.001299809
    3    3   15  0.001402387 -0.001299809
    3    3  -15  0.000907796  0.001660415
   -3   -3  -15  0.000907796  0.001660415
   -9   -9    9  0.000907796  0.001660415
    9    9   -9  0.001402387 -0.001299809
  -11  -11   -1  0.001402387 -0.001299809
   11   11   -1  0.001402387 -0.001299809
   -9   -9   -9  0.001402387 -0.001299809
    9    9    9  0.000907796  0.001660415
  -11  -11    1  0.000907796  0.001660415
   11   11    1  0.000907796  0.001660415
   11   11   -3  0.000851450  0.001568225
  -11  -11    3  0.001319947 -0.001230839
  -11  -11   -3  0.000851450  0.001568225
   11   11    3  0.001319947 -0.001230839
    0    0   16  0.002396954  0.000388234
    0    0  -16  0.002396954  0.000388234
  -10  -10    8  0.002263760  0.000365766
   10   10    8  0.002263760  0.000365766
  -10  -10   -8  0.002263760  0.000365766
   10   10   -8  0.002263760  0.000365766
   -2   -2   16  0.002263760  0.000365766
    2    2  -16  0.002263760  0.000365766
    2    2   16  0.002263760  0.000365766
   -2   -2  -16  0.002263760  0.000365766
  -11  -11    5  0.000751581  0.001402008
   -7   -7  -13  0.001171871 -0.001106970
   11   11   -5  0.001171871 -0.001106970
    7    7   13  0.000751581  0.001402008
   -7   -7   13  0.000751581  0.001402008
   11   11    5  0.000751581  0.001402008
    7    7  -13  0.001171871 -0.001106970
  -11  -11   -5  0.001171871 -0.001106970
   -6   -6   14 -0.000291501 -0.000062441
    6    6   14 -0.000291501 -0.000062441
   -6   -6  -14 -0.000291501 -0.000062441
    6    6  -14 -0.000291501 -0.000062441
   -8   -8  -12  0.002139717  0.000344537
   -8   -8   12  0.002139717  0.000344537
    8    8   12  0.002139717  0.000344537
    8    8  -12  0.002139717  0.000344537
    5    5   15  0.001105286 -0.001051255
   -5   -5   15  0.001105286 -0.001051255
   -5   -5  -15  0.000707262  0.001326991
    5    5  -15  0.000707262  0.001326991
   -9   -9  -11  0.000666230  0.001256792
    9    9  -11  0.000666230  0.001256792
   -9   -9   11  0.001043120 -0.000999215
    9    9   11  0.001043120 -0.000999215
   -4   -4  -16  0.001916040  0.000305502
    4    4   16  0.001916040  0.000305502
  -12  -12    0  0.001916040  0.000305502
    4    4  -16  0.001916040  0.000305502
   12   12    0  0.001916040  0.000305502
   -4   -4   16  0.001916040  0.000305502
    1    1   17  0.000628188  0.001191029
   -1   -1   17  0.000628188  0.001191029
   -1   -1  -17  0.000985014 -0.000950541
    1    1  -17  0.000985014 -0.000950541
   11   11    7  0.000985014 -0.000950541
  -11  -11   -7  0.000628188  0.001191029
  -11  -11    7  0.000985014 -0.000950541
   11   11   -7  0.000628188  0.001191029
   12   12   -2 -0.000263067 -0.000057983
   12   12    2 -0.000263067 -0.000057983
  -12  -12    2 -0.000263067 -0.000057983
  -12  -12   -2 -0.000263067 -0.000057983
   10   10   10 -0.000254327 -0.000056497
  -10  -10  -10 -0.000254327 -0.000056497
  -10  -10   10 -0.000254327 -0.000056497
   10   10  -10 -0.000254327 -0.000056497
  -12  -12   -4  0.001720592  0.000270590
   12   12    4  0.001720592  0.000270590
   12   12   -4  0.001720592  0.000270590
  -12  -12    4  0.001720592  0.000270590
    3    3  -17  0.000879715 -0.000862211
    3    3   17  0.000560048  0.001071473
   -3   -3   17  0.000560048  0.001071473
   -3   -3  -17  0.000879715 -0.000862211
   -7   -7   15  0.000787159 -0.000784361
    7    7  -15  0.000501040  0.000965940
    7    7   15  0.000787159 -0.000784361
   -7   -7  -15  0.000501040  0.000965940
  -11  -11   -9  0.000787159 -0.000784361
   11   11   -9  0.000787159 -0.000784361
  -11  -11    9  0.000501040  0.000965940
   11   11    9  0.000501040  0.000965940
   12   12   -6 -0.000230098 -0.000052088
  -12  -12    6 -0.000230098 -0.000052088
  -12  -12   -6 -0.000230098 -0.000052088
   12   12    6 -0.000230098 -0.000052088
    0    0   18 -0.000230098 -0.000052088
    0    0  -18 -0.000230098 -0.000052088
   -8   -8   14 -0.000230098 -0.000052088
   -8   -8  -14 -0.000230098 -0.000052088
    8    8  -14 -0.000230098 -0.000052088
    8    8   14 -0.000230098 -0.000052088
   -6   -6   16  0.001471115  0.000224951
    6    6   16  0.001471115  0.000224951
   -6   -6  -16  0.001471115  0.000224951
    6    6  -16  0.001471115  0.000224951
    9    9   13  0.000474495  0.000917804
    9    9  -13  0.000745073 -0.000748869
   -9   -9  -13  0.000745073 -0.000748869
   -9   -9   13  0.000474495  0.000917804
    2    2  -18 -0.000222636 -0.000050642
   -2   -2  -18 -0.000222636 -0.000050642
    2    2   18 -0.000222636 -0.000050642
   -2   -2   18 -0.000222636 -0.000050642
   13   13   -1  0.000705512 -0.000715437
   13   13    1  0.000449709  0.000872462
  -13  -13    1  0.000449709  0.000872462
  -13  -13   -1  0.000705512 -0.000715437
    5    5   17  0.000449709  0.000872462
    5    5  -17  0.000705512 -0.000715437
   -5   -5   17  0.000449709  0.000872462
   -5   -5  -17  0.000705512 -0.000715437
   10   10   12  0.001329006  0.000198437
  -10  -10  -12  0.001329006  0.000198437
   10   10  -12  0.001329006  0.000198437
  -10  -10   12  0.001329006  0.000198437
   13   13   -3  0.000426544  0.000829720
   13   13    3  0.000668295 -0.000683913
  -13  -13   -3  0.000426544  0.000829720
  -13  -13    3  0.000668295 -0.000683913
   12   12    8  0.001264172  0.000186225
   12   12   -8  0.001264172  0.000186225
  -12  -12    8  0.001264172  0.000186225
  -12  -12   -8  0.001264172  0.000186225
    4    4   18 -0.000201896 -0.000046400
   -4   -4   18 -0.000201896 -0.000046400
   -4   -4  -18 -0.000201896 -0.000046400
    4    4  -18 -0.000201896 -0.000046400
   -1   -1   19  0.000600249 -0.000626047
   -1   -1  -19  0.000384575  0.000751332
    1    1  -19  0.000384575  0.000751332
    1    1   19  0.000600249 -0.000626047
   13   13    5  0.000384575  0.000751332
  -13  -13    5  0.000384575  0.000751332
   13   13   -5  0.000600249 -0.000626047
  -13  -13   -5  0.000600249 -0.000626047
  -11  -11  -11  0.000384575  0.000751332
   11   11  -11  0.000384575  0.000751332
  -11  -11   11  0.000600249 -0.000626047
   11   11   11  0.000600249 -0.000626047
    3    3  -19  0.000347705  0.000681378
    3    3   19  0.000539774 -0.000574306
   -3   -3   19  0.000539774 -0.000574306
   -3   -3  -19  0.000347705  0.000681378
   -8   -8  -16  0.001039856  0.000143487
    8    8  -16  0.001039856  0.000143487
    8    8   16  0.001039856  0.000143487
   -8   -8   16  0.001039856  0.000143487
  -13  -13   -7  0.000330947  0.000649223
   -7   -7   17  0.000330947  0.000649223
    7    7  -17  0.000512064 -0.000550473
   13   13   -7  0.000330947  0.000649223
    9    9   15  0.000512064 -0.000550473
   -9   -9  -15  0.000330947  0.000649223
  -13  -13    7  0.000512064 -0.000550473
   -7   -7  -17  0.000512064 -0.000550473
    7    7   17  0.000330947  0.000649223
   -9   -9   15  0.000512064 -0.000550473
   13   13    7  0.000512064 -0.000550473
    9    9  -15  0.000330947  0.000649223
  -12  -12  -10 -0.000177637 -0.000041021
  -12  -12   10 -0.000177637 -0.000041021
   12   12  -10 -0.000177637 -0.000041021
   12   12   10 -0.000177637 -0.000041021
  -14  -14    0  0.000991373  0.000134169
   14   14    0  0.000991373  0.000134169
  -10  -10  -14 -0.000172107 -0.000039731
   10   10  -14 -0.000172107 -0.000039731
   10   10   14 -0.000172107 -0.000039731
  -10  -10   14 -0.000172107 -0.000039731
  -14  -14    2 -0.000172107 -0.000039731
    6    6  -18 -0.000172107 -0.000039731
   14   14    2 -0.000172107 -0.000039731
   -6   -6   18 -0.000172107 -0.000039731
   -6   -6  -18 -0.000172107 -0.000039731
    6    6   18 -0.000172107 -0.000039731
   14   14   -2 -0.000172107 -0.000039731
  -14  -14   -2 -0.000172107 -0.000039731
    0    0  -20  0.000945529  0.000125341
    0    0   20  0.000945529  0.000125341
    2    2  -20  0.000902154  0.000116975
   -2   -2  -20  0.000902154  0.000116975
   -2   -2   20  0.000902154  0.000116975
    2    2   20  0.000902154  0.000116975
   14   14    4  0.000902154  0.000116975
  -14  -14    4  0.000902154  0.000116975
   14   14   -4  0.000902154  0.000116975
  -14  -14   -4  0.000902154  0.000116975
    5    5  -19  0.000286452  0.000562662
    5    5   19  0.000437782 -0.000486086
   -5   -5  -19  0.000286452  0.000562662
   -5   -5   19  0.000437782 -0.000486086
  -11  -11  -13  0.000437782 -0.000486086
  -11  -11   13  0.000286452  0.000562662
   11   11  -13  0.000437782 -0.000486086
   11   11   13  0.000286452  0.000562662
   13   13    9  0.000273323  0.000536772
  -13  -13    9  0.000273323  0.000536772
   13   13   -9  0.000415664 -0.000466744
  -13  -13   -9  0.000415664 -0.000466744
   14   14   -6 -0.000151853 -0.000034812
  -14  -14   -6 -0.000151853 -0.000034812
   14   14    6 -0.000151853 -0.000034812
  -14  -14    6 -0.000151853 -0.000034812
    4    4   20  0.000785307  0.000094421
   -4   -4   20  0.000785307  0.000094421
    4    4  -20  0.000785307  0.000094421
   -4   -4  -20  0.000785307  0.000094421
   12   12  -12  0.000785307  0.000094421
  -12  -12  -12  0.000785307  0.000094421
  -12  -12   12  0.000785307  0.000094421
   12   12   12  0.000785307  0.000094421
  -15  -15    1  0.000227849  0.000445773
  -15  -15   -1  0.000338349 -0.000398310
   15   15    1  0.000227849  0.000445773
   15   15   -1  0.000338349 -0.000398310
   -9   -9  -17  0.000338349 -0.000398310
    9    9  -17  0.000338349 -0.000398310
    9    9   17  0.000227849  0.000445773
   -9   -9   17  0.000227849  0.000445773
    8    8  -18 -0.000138409 -0.000031380
   -8   -8   18 -0.000138409 -0.000031380
   -8   -8  -18 -0.000138409 -0.000031380
    8    8   18 -0.000138409 -0.000031380
   10   10   16  0.000685640  0.000075238
  -14  -14   -8  0.000685640  0.000075238
