    0    0    0  0.000000000  0.003169832
   -1   -1    1  0.041333935  0.049490347
    1    1    1  0.041333935  0.049490347
   -1   -1   -1  0.044276493 -0.046320211
    1    1   -1  0.044276493 -0.046320211
    0    0    2 -0.004772081  0.000109475
    0    0   -2 -0.004772081  0.000109475
   -2   -2    0  0.059867295  0.002886644
    2    2    0  0.059867295  0.002886644
    1    1    3  0.025477094 -0.025036835
    1    1   -3  0.022764812  0.027911959
   -1   -1   -3  0.022764812  0.027911959
   -1   -1    3  0.025477094 -0.025036835
   -2   -2   -2 -0.002145482  0.000077677
    2    2    2 -0.002145482  0.000077677
    2    2   -2 -0.002145482  0.000077677
   -2   -2    2 -0.002145482  0.000077677
    0    0   -4  0.040836793  0.002650315
    0    0    4  0.040836793  0.002650315
   -3   -3   -1  0.019003982 -0.017751232
    3    3    1  0.016486999  0.020374458
   -3   -3    1  0.016486999  0.020374458
    3    3   -1  0.019003982 -0.017751232
   -2   -2   -4  0.031756743  0.002444624
    2    2    4  0.031756743  0.002444624
   -2   -2    4  0.031756743  0.002444624
    2    2   -4  0.031756743  0.002444624
   -1   -1   -5  0.015356402 -0.013994946
    1    1    5  0.013011097  0.016397033
   -1   -1    5  0.013011097  0.016397033
    1    1   -5  0.015356402 -0.013994946
    3    3   -3  0.013011097  0.016397033
   -3   -3   -3  0.013011097  0.016397033
   -3   -3    3  0.015356402 -0.013994946
    3    3    3  0.015356402 -0.013994946
   -4   -4    0  0.026131998  0.002261898
    4    4    0  0.026131998  0.002261898
    0    0    6 -0.000914265  0.000004423
   -4   -4   -2 -0.000914265  0.000004423
    4    4   -2 -0.000914265  0.000004423
    4    4    2 -0.000914265  0.000004423
    0    0   -6 -0.000914265  0.000004423
   -4   -4    2 -0.000914265  0.000004423
   -3   -3    5  0.009000748  0.011933839
    3    3    5  0.009000748  0.011933839
   -3   -3   -5  0.011052622 -0.009905374
    3    3   -5  0.011052622 -0.009905374
   -2   -2   -6 -0.000891501 -0.000013844
   -2   -2    6 -0.000891501 -0.000013844
    2    2    6 -0.000891501 -0.000013844
    2    2   -6 -0.000891501 -0.000013844
    4    4   -4  0.019157277  0.001948859
    4    4    4  0.019157277  0.001948859
   -4   -4    4  0.019157277  0.001948859
   -4   -4   -4  0.019157277  0.001948859
    5    5    1  0.007696245  0.010479778
   -5   -5    1  0.007696245  0.010479778
    5    5   -1  0.009620587 -0.008610950
   -5   -5   -1  0.009620587 -0.008610950
   -1   -1   -7  0.007696245  0.010479778
    1    1    7  0.009620587 -0.008610950
   -1   -1    7  0.009620587 -0.008610950
    1    1   -7  0.007696245  0.010479778
    5    5    3  0.008464203 -0.007585010
   -5   -5    3  0.008464203 -0.007585010
   -5   -5   -3  0.006657051  0.009309026
    5    5   -3  0.006657051  0.009309026
    0    0    8  0.014841524  0.001689390
    0    0   -8  0.014841524  0.001689390
   -3   -3    7  0.007508943 -0.006748626
    3    3    7  0.007508943 -0.006748626
    3    3   -7  0.005809927  0.008340816
   -3   -3   -7  0.005809927  0.008340816
    4    4    6 -0.000884973 -0.000054768
    4    4   -6 -0.000884973 -0.000054768
   -4   -4   -6 -0.000884973 -0.000054768
   -4   -4    6 -0.000884973 -0.000054768
   -2   -2    8  0.013231415  0.001575636
    2    2   -8  0.013231415  0.001575636
   -2   -2   -8  0.013231415  0.001575636
    2    2    8  0.013231415  0.001575636
   -6   -6    0  0.013231415  0.001575636
    6    6    0  0.013231415  0.001575636
    5    5   -5  0.006706528 -0.006052501
   -5   -5   -5  0.006706528 -0.006052501
    5    5    5  0.005107627  0.007524340
   -5   -5    5  0.005107627  0.007524340
   -6   -6   -2 -0.000880606 -0.000064686
    6    6    2 -0.000880606 -0.000064686
    6    6   -2 -0.000880606 -0.000064686
   -6   -6    2 -0.000880606 -0.000064686
    1    1    9  0.004517770  0.006825478
    1    1   -9  0.006023732 -0.005463784
   -1   -1   -9  0.006023732 -0.005463784
   -1   -1    9  0.004517770  0.006825478
    6    6   -4  0.010709878  0.001374373
   -6   -6   -4  0.010709878  0.001374373
    6    6    4  0.010709878  0.001374373
   -6   -6    4  0.010709878  0.001374373
   -4   -4   -8  0.009706478  0.001285096
   -4   -4    8  0.009706478  0.001285096
    4    4   -8  0.009706478  0.001285096
    4    4    8  0.009706478  0.001285096
   -5   -5   -7  0.003588558  0.005690895
    5    5   -7  0.003588558  0.005690895
   -5   -5    7  0.004927412 -0.004523045
    5    5    7  0.004927412 -0.004523045
    7    7    1  0.003588558  0.005690895
   -7   -7    1  0.003588558  0.005690895
    3    3    9  0.003588558  0.005690895
   -3   -3   -9  0.004927412 -0.004523045
    7    7   -1  0.004927412 -0.004523045
    3    3   -9  0.004927412 -0.004523045
   -3   -3    9  0.003588558  0.005690895
   -7   -7   -1  0.004927412 -0.004523045
    0    0   10 -0.000847049 -0.000086189
    0    0  -10 -0.000847049 -0.000086189
    7    7   -3  0.003218909  0.005224363
    7    7    3  0.004482459 -0.004141949
   -7   -7    3  0.004482459 -0.004141949
   -7   -7   -3  0.003218909  0.005224363
   -2   -2  -10 -0.000830256 -0.000091135
   -2   -2   10 -0.000830256 -0.000091135
    2    2   10 -0.000830256 -0.000091135
    2    2  -10 -0.000830256 -0.000091135
    6    6    6 -0.000830256 -0.000091135
   -6   -6    6 -0.000830256 -0.000091135
    6    6   -6 -0.000830256 -0.000091135
   -6   -6   -6 -0.000830256 -0.000091135
   -7   -7    5  0.002617916  0.004440911
   -7   -7   -5  0.003745042 -0.003509944
    1    1   11  0.003745042 -0.003509944
    1    1  -11  0.002617916  0.004440911
   -1   -1   11  0.003745042 -0.003509944
    7    7   -5  0.003745042 -0.003509944
    7    7    5  0.002617916  0.004440911
   -1   -1  -11  0.002617916  0.004440911
    8    8    0  0.006790119  0.000988178
   -8   -8    0  0.006790119  0.000988178
    5    5   -9  0.003437361 -0.003245730
    5    5    9  0.002372120  0.004109518
   -5   -5   -9  0.003437361 -0.003245730
   -5   -5    9  0.002372120  0.004109518
   -4   -4  -10 -0.000770196 -0.000101012
    4    4  -10 -0.000770196 -0.000101012
    4    4   10 -0.000770196 -0.000101012
   -4   -4   10 -0.000770196 -0.000101012
   -8   -8   -2 -0.000770196 -0.000101012
    8    8   -2 -0.000770196 -0.000101012
    8    8    2 -0.000770196 -0.000101012
   -8   -8    2 -0.000770196 -0.000101012
    6    6    8  0.006255004  0.000926441
    6    6   -8  0.006255004  0.000926441
   -6   -6    8  0.006255004  0.000926441
   -6   -6   -8  0.006255004  0.000926441
    3    3  -11  0.002155448  0.003810973
    3    3   11  0.003162583 -0.003009339
   -3   -3   11  0.003162583 -0.003009339
   -3   -3  -11  0.002155448  0.003810973
    8    8   -4  0.005775746  0.000868876
    0    0  -12  0.005775746  0.000868876
    8    8    4  0.005775746  0.000868876
    0    0   12  0.005775746  0.000868876
   -8   -8    4  0.005775746  0.000868876
   -8   -8   -4  0.005775746  0.000868876
   -7   -7   -7  0.001963647  0.003540974
    7    7    7  0.002916165 -0.002796903
   -7   -7    7  0.002916165 -0.002796903
    7    7   -7  0.001963647  0.003540974
    2    2  -12  0.005344815  0.000815145
    2    2   12  0.005344815  0.000815145
   -2   -2   12  0.005344815  0.000815145
   -2   -2  -12  0.005344815  0.000815145
    9    9    1  0.001641217  0.003072871
   -9   -9   -1  0.002493964 -0.002431668
    9    9   -1  0.002493964 -0.002431668
   -9   -9    1  0.001641217  0.003072871
   -8   -8   -6 -0.000681927 -0.000105814
   -8   -8    6 -0.000681927 -0.000105814
    8    8    6 -0.000681927 -0.000105814
    8    8   -6 -0.000681927 -0.000105814
    5    5  -11  0.001505234  0.002869217
   -5   -5  -11  0.001505234  0.002869217
   -5   -5   11  0.002312379 -0.002273982
   -1   -1   13  0.001505234  0.002869217
    1    1  -13  0.002312379 -0.002273982
    5    5   11  0.002312379 -0.002273982
   -1   -1  -13  0.002312379 -0.002273982
    1    1   13  0.001505234  0.002869217
    9    9    3  0.002312379 -0.002273982
    9    9   -3  0.001505234  0.002869217
   -9   -9   -3  0.001505234  0.002869217
   -9   -9    3  0.002312379 -0.002273982
    6    6  -10 -0.000660081 -0.000105953
   -6   -6  -10 -0.000660081 -0.000105953
    6    6   10 -0.000660081 -0.000105953
   -6   -6   10 -0.000660081 -0.000105953
    4    4   12  0.004284159  0.000674074
   -4   -4  -12  0.004284159  0.000674074
    4    4  -12  0.004284159  0.000674074
   -4   -4   12  0.004284159  0.000674074
    7    7   -9  0.002147340 -0.002130283
    7    7    9  0.001383204  0.002682806
   -7   -7   -9  0.002147340 -0.002130283
   -7   -7    9  0.001383204  0.002682806
    3    3   13  0.001273388  0.002511772
   -3   -3   13  0.001273388  0.002511772
   -3   -3  -13  0.001996932 -0.001998962
    3    3  -13  0.001996932 -0.001998962
   -9   -9    5  0.001273388  0.002511772
    9    9   -5  0.001996932 -0.001998962
    9    9    5  0.001273388  0.002511772
   -9   -9   -5  0.001996932 -0.001998962
   -8   -8    8  0.003727206  0.000594369
   -8   -8   -8  0.003727206  0.000594369
    8    8   -8  0.003727206  0.000594369
    8    8    8  0.003727206  0.000594369
    0    0   14 -0.000597134 -0.000104568
    0    0  -14 -0.000597134 -0.000104568
   10   10    0  0.003483945  0.000558205
  -10  -10    0  0.003483945  0.000558205
   10   10    2 -0.000577227 -0.000103623
   10   10   -2 -0.000577227 -0.000103623
  -10  -10   -2 -0.000577227 -0.000103623
  -10  -10    2 -0.000577227 -0.000103623
    2    2  -14 -0.000577227 -0.000103623
   -2   -2   14 -0.000577227 -0.000103623
    2    2   14 -0.000577227 -0.000103623
   -2   -2  -14 -0.000577227 -0.000103623
   -9   -9    7  0.001618164 -0.001666378
    9    9    7  0.001618164 -0.001666378
   -9   -9   -7  0.001003442  0.002075823
    9    9   -7  0.001003442  0.002075823
  -10  -10   -4  0.003055739  0.000492402
   10   10   -4  0.003055739  0.000492402
  -10  -10    4  0.003055739  0.000492402
   10   10    4  0.003055739  0.000492402
    6    6   12  0.003055739  0.000492402
    6    6  -12  0.003055739  0.000492402
   -6   -6  -12  0.003055739  0.000492402
   -6   -6   12  0.003055739  0.000492402
    5    5  -13  0.001511947 -0.001572512
   -5   -5   13  0.000929635  0.001952115
    5    5   13  0.000929635  0.001952115
   -5   -5  -13  0.001511947 -0.001572512
    7    7   11  0.001511947 -0.001572512
    7    7  -11  0.000929635  0.001952115
   -7   -7   11  0.001511947 -0.001572512
   -7   -7  -11  0.000929635  0.001952115
    1    1   15  0.001414082 -0.001485735
    1    1  -15  0.000862448  0.001837523
   -1   -1  -15  0.000862448  0.001837523
   -1   -1   15  0.001414082 -0.001485735
   -8   -8  -10 -0.000521138 -0.000099735
   -4   -4  -14 -0.000521138 -0.000099735
    4    4  -14 -0.000521138 -0.000099735
   -4   -4   14 -0.000521138 -0.000099735
    8    8   10 -0.000521138 -0.000099735
    4    4   14 -0.000521138 -0.000099735
    8    8  -10 -0.000521138 -0.000099735
   -8   -8   10 -0.000521138 -0.000099735
  -10  -10   -6 -0.000503672 -0.000098163
  -10  -10    6 -0.000503672 -0.000098163
   10   10   -6 -0.000503672 -0.000098163
   10   10    6 -0.000503672 -0.000098163
   -3   -3   15  0.001240245 -0.001330776
    3    3   15  0.001240245 -0.001330776
    3    3  -15  0.000745187  0.001632434
   -3   -3  -15  0.000745187  0.001632434
   -9   -9    9  0.000745187  0.001632434
    9    9   -9  0.001240245 -0.001330776
  -11  -11   -1  0.001240245 -0.001330776
   11   11   -1  0.001240245 -0.001330776
   -9   -9   -9  0.001240245 -0.001330776
    9    9    9  0.000745187  0.001632434
  -11  -11    1  0.000745187  0.001632434
   11   11    1  0.000745187  0.001632434
   11   11   -3  0.000693951  0.001540533
  -11  -11    3  0.001162921 -0.001261447
  -11  -11   -3  0.000693951  0.001540533
   11   11    3  0.001162921 -0.001261447
    0    0   16  0.002244250  0.000359553
    0    0  -16  0.002244250  0.000359553
  -10  -10    8  0.002115902  0.000337497
   10   10    8  0.002115902  0.000337497
  -10  -10   -8  0.002115902  0.000337497
   10   10   -8  0.002115902  0.000337497
   -2   -2   16  0.002115902  0.000337497
    2    2  -16  0.002115902  0.000337497
    2    2   16  0.002115902  0.000337497
   -2   -2  -16  0.002115902  0.000337497
  -11  -11    5  0.000603874  0.001375057
   -7   -7  -13  0.001024643 -0.001136702
   11   11   -5  0.001024643 -0.001136702
    7    7   13  0.000603874  0.001375057
   -7   -7   13  0.000603874  0.001375057
   11   11    5  0.000603874  0.001375057
    7    7  -13  0.001024643 -0.001136702
  -11  -11   -5  0.001024643 -0.001136702
   -6   -6   14 -0.000439762 -0.000090966
    6    6   14 -0.000439762 -0.000090966
   -6   -6  -14 -0.000439762 -0.000090966
    6    6  -14 -0.000439762 -0.000090966
   -8   -8  -12  0.001996563  0.000316725
   -8   -8   12  0.001996563  0.000316725
    8    8   12  0.001996563  0.000316725
    8    8  -12  0.001996563  0.000316725
    5    5   15  0.000962744 -0.001080483
   -5   -5   15  0.000962744 -0.001080483
   -5   -5  -15  0.000564240  0.001300478
    5    5  -15  0.000564240  0.001300478
   -9   -9  -11  0.000527755  0.001230753
    9    9  -11  0.000527755  0.001230753
   -9   -9   11  0.000905125 -0.001027903
    9    9   11  0.000905125 -0.001027903
   -4   -4  -16  0.001781883  0.000278712
    4    4   16  0.001781883  0.000278712
  -12  -12    0  0.001781883  0.000278712
    4    4  -16  0.001781883  0.000278712
   12   12    0  0.001781883  0.000278712
   -4   -4   16  0.001781883  0.000278712
    1    1   17  0.000494125  0.001165498
   -1   -1   17  0.000494125  0.001165498
   -1   -1  -17  0.000851430 -0.000978659
    1    1  -17  0.000851430 -0.000978659
   11   11    7  0.000851430 -0.000978659
  -11  -11   -7  0.000494125  0.001165498
  -11  -11    7  0.000851430 -0.000978659
   11   11   -7  0.000494125  0.001165498
   12   12   -2 -0.000397637 -0.000084978
   12   12    2 -0.000397637 -0.000084978
  -12  -12    2 -0.000397637 -0.000084978
  -12  -12   -2 -0.000397637 -0.000084978
   10   10   10 -0.000384604 -0.000082924
  -10  -10  -10 -0.000384604 -0.000082924
  -10  -10   10 -0.000384604 -0.000082924
   10   10  -10 -0.000384604 -0.000082924
  -12  -12   -4  0.001594899  0.000244933
   12   12    4  0.001594899  0.000244933
   12   12   -4  0.001594899  0.000244933
  -12  -12    4  0.001594899  0.000244933
    3    3  -17  0.000754557 -0.000889116
    3    3   17  0.000434415  0.001047032
   -3   -3   17  0.000434415  0.001047032
   -3   -3  -17  0.000754557 -0.000889116
   -7   -7   15  0.000669919 -0.000809984
    7    7  -15  0.000383331  0.000942665
    7    7   15  0.000669919 -0.000809984
   -7   -7  -15  0.000383331  0.000942665
  -11  -11   -9  0.000669919 -0.000809984
   11   11   -9  0.000669919 -0.000809984
  -11  -11    9  0.000383331  0.000942665
   11   11    9  0.000383331  0.000942665
   12   12   -6 -0.000348263 -0.000076693
  -12  -12    6 -0.000348263 -0.000076693
  -12  -12   -6 -0.000348263 -0.000076693
   12   12    6 -0.000348263 -0.000076693
    0    0   18 -0.000348263 -0.000076693
    0    0  -18 -0.000348263 -0.000076693
   -8   -8   14 -0.000348263 -0.000076693
   -8   -8  -14 -0.000348263 -0.000076693
    8    8  -14 -0.000348263 -0.000076693
    8    8   14 -0.000348263 -0.000076693
   -6   -6   16  0.001357171  0.000201128
    6    6   16  0.001357171  0.000201128
   -6   -6  -16  0.001357171  0.000201128
    6    6  -16  0.001357171  0.000201128
    9    9   13  0.000360566  0.000895130
    9    9  -13  0.000631610 -0.000773833
   -9   -9  -13  0.000631610 -0.000773833
   -9   -9   13  0.000360566  0.000895130
    2    2  -18 -0.000337009 -0.000074613
   -2   -2  -18 -0.000337009 -0.000074613
    2    2   18 -0.000337009 -0.000074613
   -2   -2   18 -0.000337009 -0.000074613
   13   13   -1  0.000595707 -0.000739734
   13   13    1  0.000339445  0.000850399
  -13  -13    1  0.000339445  0.000850399
  -13  -13   -1  0.000595707 -0.000739734
    5    5   17  0.000339445  0.000850399
    5    5  -17  0.000595707 -0.000739734
   -5   -5   17  0.000339445  0.000850399
   -5   -5  -17  0.000595707 -0.000739734
   10   10   12  0.001222301  0.000175887
  -10  -10  -12  0.001222301  0.000175887
   10   10  -12  0.001222301  0.000175887
  -10  -10   12  0.001222301  0.000175887
   13   13   -3  0.000319828  0.000808274
   13   13    3  0.000562035 -0.000707539
  -13  -13   -3  0.000319828  0.000808274
  -13  -13    3  0.000562035 -0.000707539
   12   12    8  0.001160918  0.000164319
   12   12   -8  0.001160918  0.000164319
  -12  -12    8  0.001160918  0.000164319
  -12  -12   -8  0.001160918  0.000164319
    4    4   18 -0.000305587 -0.000068432
   -4   -4   18 -0.000305587 -0.000068432
   -4   -4  -18 -0.000305587 -0.000068432
    4    4  -18 -0.000305587 -0.000068432
   -1   -1   19  0.000500746 -0.000648324
   -1   -1  -19  0.000284629  0.000731130
    1    1  -19  0.000284629  0.000731130
    1    1   19  0.000500746 -0.000648324
   13   13    5  0.000284629  0.000731130
  -13  -13    5  0.000284629  0.000731130
   13   13   -5  0.000500746 -0.000648324
  -13  -13   -5  0.000500746 -0.000648324
  -11  -11  -11  0.000284629  0.000731130
   11   11  -11  0.000284629  0.000731130
  -11  -11   11  0.000500746 -0.000648324
   11   11   11  0.000500746 -0.000648324
    3    3  -19  0.000254110  0.000662421
    3    3   19  0.000446610 -0.000595238
   -3   -3   19  0.000446610 -0.000595238
   -3   -3  -19  0.000254110  0.000662421
   -8   -8  -16  0.000949351  0.000124157
    8    8  -16  0.000949351  0.000124157
    8    8   16  0.000949351  0.000124157
   -8   -8   16  0.000949351  0.000124157
  -13  -13   -7  0.000240380  0.000630885
   -7   -7   17  0.000240380  0.000630885
    7    7  -17  0.000421920 -0.000570739
   13   13   -7  0.000240380  0.000630885
    9    9   15  0.000421920 -0.000570739
   -9   -9  -15  0.000240380  0.000630885
  -13  -13    7  0.000421920 -0.000570739
   -7   -7  -17  0.000421920 -0.000570739
    7    7   17  0.000240380  0.000630885
   -9   -9   15  0.000421920 -0.000570739
   13   13    7  0.000421920 -0.000570739
    9    9  -15  0.000240380  0.000630885
  -12  -12  -10 -0.000268583 -0.000060454
  -12  -12   10 -0.000268583 -0.000060454
   12   12  -10 -0.000268583 -0.000060454
   12   12   10 -0.000268583 -0.000060454
  -14  -14    0  0.000903807  0.000115476
   14   14    0  0.000903807  0.000115476
  -10  -10  -14 -0.000260113 -0.000058524
   10   10  -14 -0.000260113 -0.000058524
   10   10   14 -0.000260113 -0.000058524
  -10  -10   14 -0.000260113 -0.000058524
  -14  -14    2 -0.000260113 -0.000058524
    6    6  -18 -0.000260113 -0.000058524
   14   14    2 -0.000260113 -0.000058524
   -6   -6   18 -0.000260113 -0.000058524
   -6   -6  -18 -0.000260113 -0.000058524
    6    6   18 -0.000260113 -0.000058524
   14   14   -2 -0.000260113 -0.000058524
  -14  -14   -2 -0.000260113 -0.000058524
    0    0  -20  0.000860809  0.000107278
    0    0   20  0.000860809  0.000107278
    2    2  -20  0.000820188  0.000099536
   -2   -2  -20  0.000820188  0.000099536
   -2   -2   20  0.000820188  0.000099536
    2    2   20  0.000820188  0.000099536
   14   14    4  0.000820188  0.000099536
  -14  -14    4  0.000820188  0.000099536
   14   14   -4  0.000820188  0.000099536
  -14  -14   -4  0.000820188  0.000099536
    5    5  -19  0.000204402  0.000546148
    5    5   19  0.000356133 -0.000504389
   -5   -5  -19  0.000204402  0.000546148
   -5   -5   19  0.000356133 -0.000504389
  -11  -11  -13  0.000356133 -0.000504389
  -11  -11   13  0.000204402  0.000546148
   11   11  -13  0.000356133 -0.000504389
   11   11   13  0.000204402  0.000546148
   13   13    9  0.000193933  0.000520853
  -13  -13    9  0.000193933  0.000520853
   13   13   -9  0.000336668 -0.000484409
  -13  -13   -9  0.000336668 -0.000484409
   14   14   -6 -0.000229007 -0.000051114
  -14  -14   -6 -0.000229007 -0.000051114
   14   14    6 -0.000229007 -0.000051114
  -14  -14    6 -0.000229007 -0.000051114
    4    4   20  0.000711091  0.000078802
   -4   -4   20  0.000711091  0.000078802
    4    4  -20  0.000711091  0.000078802
   -4   -4  -20  0.000711091  0.000078802
   12   12  -12  0.000711091  0.000078802
  -12  -12  -12  0.000711091  0.000078802
  -12  -12   12  0.000711091  0.000078802
   12   12   12  0.000711091  0.000078802
  -15  -15    1  0.000158282  0.000432140
  -15  -15   -1  0.000269145 -0.000413523
   15   15    1  0.000158282  0.000432140
   15   15   -1  0.000269145 -0.000413523
   -9   -9  -17  0.000269145 -0.000413523
    9    9  -17  0.000269145 -0.000413523
    9    9   17  0.000158282  0.000432140
   -9   -9   17  0.000158282  0.000432140
    8    8  -18 -0.000208296 -0.000045913
   -8   -8   18 -0.000208296 -0.000045913
   -8   -8  -18 -0.000208296 -0.000045913
    8    8   18 -0.000208296 -0.000045913
   10   10   16  0.000618453  0.000061348
  -14  -14   -8  0.000618453  0.000061348
