    0    0    0  0.000000000  0.002973996
    0    1    0  0.001108523  0.000308755
    1    0    0  0.001108523  0.000308755
   -1    0    0  0.001108523  0.000308755
    0   -1    0  0.001108523  0.000308755
   -1   -1    0  0.055925859  0.002191399
    1    1    0  0.055925859  0.002191399
    1   -1    0  0.055925859  0.002191399
   -1    1    0  0.055925859  0.002191399
    2    0    0  0.072229564  0.002583287
    0    2    0  0.072229564  0.002583287
   -2    0    0  0.072229564  0.002583287
    0   -2    0  0.072229564  0.002583287
   -2    1    0  0.000128025  0.000375553
    2    1    0  0.000128025  0.000375553
   -2   -1    0  0.000128025  0.000375553
    2   -1    0  0.000128025  0.000375553
    1    2    0  0.000128025  0.000375553
   -1    2    0  0.000128025  0.000375553
   -1   -2    0  0.000128025  0.000375553
    1   -2    0  0.000128025  0.000375553
    2   -2    0  0.047440477  0.002283686
   -2   -2    0  0.047440477  0.002283686
    2    2    0  0.047440477  0.002283686
   -2    2    0  0.047440477  0.002283686
    0   -3    0  0.000713287  0.000420093
   -3    0    0  0.000713287  0.000420093
    3    0    0  0.000713287  0.000420093
    0    3    0  0.000713287  0.000420093
    3    1    0  0.021269294  0.001742183
    3   -1    0  0.021269294  0.001742183
    1    3    0  0.021269294  0.001742183
   -1   -3    0  0.021269294  0.001742183
   -3   -1    0  0.021269294  0.001742183
   -1    3    0  0.021269294  0.001742183
   -3    1    0  0.021269294  0.001742183
    1   -3    0  0.021269294  0.001742183
   -3   -2    0  0.001203895  0.000450108
    2    3    0  0.001203895  0.000450108
    3    2    0  0.001203895  0.000450108
    2   -3    0  0.001203895  0.000450108
   -3    2    0  0.001203895  0.000450108
    3   -2    0  0.001203895  0.000450108
   -2    3    0  0.001203895  0.000450108
   -2   -3    0  0.001203895  0.000450108
    4    0    0  0.027070042  0.001833515
    0    4    0  0.027070042  0.001833515
    0   -4    0  0.027070042  0.001833515
   -4    0    0  0.027070042  0.001833515
    4   -1    0  0.001560729  0.000469521
   -1   -4    0  0.001560729  0.000469521
   -4   -1    0  0.001560729  0.000469521
    1    4    0  0.001560729  0.000469521
    4    1    0  0.001560729  0.000469521
   -1    4    0  0.001560729  0.000469521
    1   -4    0  0.001560729  0.000469521
   -4    1    0  0.001560729  0.000469521
    3   -3    0  0.013314154  0.001434158
   -3    3    0  0.013314154  0.001434158
   -3   -3    0  0.013314154  0.001434158
    3    3    0  0.013314154  0.001434158
    4   -2    0  0.021853608  0.001657937
    4    2    0  0.021853608  0.001657937
   -2    4    0  0.021853608  0.001657937
   -4    2    0  0.021853608  0.001657937
    2   -4    0  0.021853608  0.001657937
    2    4    0  0.021853608  0.001657937
   -4   -2    0  0.021853608  0.001657937
   -2   -4    0  0.021853608  0.001657937
    4   -3    0  0.001941749  0.000486210
    0    5    0  0.001941749  0.000486210
   -5    0    0  0.001941749  0.000486210
    3   -4    0  0.001941749  0.000486210
   -4   -3    0  0.001941749  0.000486210
    0   -5    0  0.001941749  0.000486210
    3    4    0  0.001941749  0.000486210
    4    3    0  0.001941749  0.000486210
   -3    4    0  0.001941749  0.000486210
   -4    3    0  0.001941749  0.000486210
   -3   -4    0  0.001941749  0.000486210
    5    0    0  0.001941749  0.000486210
   -1   -5    0  0.009506313  0.001202951
   -5   -1    0  0.009506313  0.001202951
    5    1    0  0.009506313  0.001202951
   -1    5    0  0.009506313  0.001202951
   -5    1    0  0.009506313  0.001202951
    5   -1    0  0.009506313  0.001202951
    1    5    0  0.009506313  0.001202951
    1   -5    0  0.009506313  0.001202951
   -5    2    0  0.002020093  0.000486767
   -2   -5    0  0.002020093  0.000486767
   -2    5    0  0.002020093  0.000486767
    2   -5    0  0.002020093  0.000486767
    5   -2    0  0.002020093  0.000486767
    2    5    0  0.002020093  0.000486767
    5    2    0  0.002020093  0.000486767
   -5   -2    0  0.002020093  0.000486767
    4   -4    0  0.013140327  0.001255671
   -4   -4    0  0.013140327  0.001255671
   -4    4    0  0.013140327  0.001255671
    4    4    0  0.013140327  0.001255671
    5    3    0  0.007250170  0.001021716
   -5   -3    0  0.007250170  0.001021716
   -3    5    0  0.007250170  0.001021716
   -5    3    0  0.007250170  0.001021716
    5   -3    0  0.007250170  0.001021716
    3   -5    0  0.007250170  0.001021716
   -3   -5    0  0.007250170  0.001021716
    3    5    0  0.007250170  0.001021716
    6    0    0  0.011415008  0.001151525
    0   -6    0  0.011415008  0.001151525
    0    6    0  0.011415008  0.001151525
   -6    0    0  0.011415008  0.001151525
   -6   -1    0  0.002049664  0.000477748
    6    1    0  0.002049664  0.000477748
    1   -6    0  0.002049664  0.000477748
   -6    1    0  0.002049664  0.000477748
   -1    6    0  0.002049664  0.000477748
   -1   -6    0  0.002049664  0.000477748
    1    6    0  0.002049664  0.000477748
    6   -1    0  0.002049664  0.000477748
    6    2    0  0.010014708  0.001058499
   -2   -6    0  0.010014708  0.001058499
    2    6    0  0.010014708  0.001058499
   -6   -2    0  0.010014708  0.001058499
   -2    6    0  0.010014708  0.001058499
    6   -2    0  0.010014708  0.001058499
    2   -6    0  0.010014708  0.001058499
   -6    2    0  0.010014708  0.001058499
   -5   -4    0  0.002024937  0.000469652
    4    5    0  0.002024937  0.000469652
    4   -5    0  0.002024937  0.000469652
   -4   -5    0  0.002024937  0.000469652
    5   -4    0  0.002024937  0.000469652
    5    4    0  0.002024937  0.000469652
   -4    5    0  0.002024937  0.000469652
   -5    4    0  0.002024937  0.000469652
   -3   -6    0  0.001984413  0.000459894
   -6    3    0  0.001984413  0.000459894
    6   -3    0  0.001984413  0.000459894
   -6   -3    0  0.001984413  0.000459894
    6    3    0  0.001984413  0.000459894
   -3    6    0  0.001984413  0.000459894
    3    6    0  0.001984413  0.000459894
    3   -6    0  0.001984413  0.000459894
    0    7    0  0.001933255  0.000448880
   -7    0    0  0.001933255  0.000448880
    7    0    0  0.001933255  0.000448880
    0   -7    0  0.001933255  0.000448880
   -5   -5    0  0.004698114  0.000755714
   -5    5    0  0.004698114  0.000755714
    5   -5    0  0.004698114  0.000755714
    5    5    0  0.004698114  0.000755714
   -1   -7    0  0.004698114  0.000755714
   -7    1    0  0.004698114  0.000755714
    7    1    0  0.004698114  0.000755714
    7   -1    0  0.004698114  0.000755714
   -7   -1    0  0.004698114  0.000755714
   -1    7    0  0.004698114  0.000755714
    1   -7    0  0.004698114  0.000755714
    1    7    0  0.004698114  0.000755714
   -4   -6    0  0.007069691  0.000831557
    4    6    0  0.007069691  0.000831557
    4   -6    0  0.007069691  0.000831557
    6    4    0  0.007069691  0.000831557
   -6   -4    0  0.007069691  0.000831557
    6   -4    0  0.007069691  0.000831557
   -4    6    0  0.007069691  0.000831557
   -6    4    0  0.007069691  0.000831557
   -2    7    0  0.001875181  0.000436936
   -7    2    0  0.001875181  0.000436936
    7   -2    0  0.001875181  0.000436936
    7    2    0  0.001875181  0.000436936
   -2   -7    0  0.001875181  0.000436936
    2    7    0  0.001875181  0.000436936
   -7   -2    0  0.001875181  0.000436936
    2   -7    0  0.001875181  0.000436936
   -7    3    0  0.003909267  0.000655706
    7    3    0  0.003909267  0.000655706
   -3    7    0  0.003909267  0.000655706
    3   -7    0  0.003909267  0.000655706
    3    7    0  0.003909267  0.000655706
   -7   -3    0  0.003909267  0.000655706
    7   -3    0  0.003909267  0.000655706
   -3   -7    0  0.003909267  0.000655706
    6   -5    0  0.001748260  0.000411248
    5    6    0  0.001748260  0.000411248
    5   -6    0  0.001748260  0.000411248
   -5    6    0  0.001748260  0.000411248
   -6    5    0  0.001748260  0.000411248
   -6   -5    0  0.001748260  0.000411248
   -5   -6    0  0.001748260  0.000411248
    6    5    0  0.001748260  0.000411248
    0   -8    0  0.005230526  0.000661865
   -8    0    0  0.005230526  0.000661865
    0    8    0  0.005230526  0.000661865
    8    0    0  0.005230526  0.000661865
   -1   -8    0  0.001682741  0.000397882
    1   -8    0  0.001682741  0.000397882
   -7   -4    0  0.001682741  0.000397882
    1    8    0  0.001682741  0.000397882
   -4   -7    0  0.001682741  0.000397882
   -7    4    0  0.001682741  0.000397882
    8   -1    0  0.001682741  0.000397882
    4    7    0  0.001682741  0.000397882
   -8    1    0  0.001682741  0.000397882
    7    4    0  0.001682741  0.000397882
    7   -4    0  0.001682741  0.000397882
    8    1    0  0.001682741  0.000397882
   -1    8    0  0.001682741  0.000397882
   -8   -1    0  0.001682741  0.000397882
    4   -7    0  0.001682741  0.000397882
   -4    7    0  0.001682741  0.000397882
   -8    2    0  0.004766742  0.000614758
    2    8    0  0.004766742  0.000614758
   -2    8    0  0.004766742  0.000614758
   -2   -8    0  0.004766742  0.000614758
    2   -8    0  0.004766742  0.000614758
    8   -2    0  0.004766742  0.000614758
    8    2    0  0.004766742  0.000614758
   -8   -2    0  0.004766742  0.000614758
    6    6    0  0.004357617  0.000571543
    6   -6    0  0.004357617  0.000571543
   -6   -6    0  0.004357617  0.000571543
   -6    6    0  0.004357617  0.000571543
   -3    8    0  0.001552689  0.000370798
   -8   -3    0  0.001552689  0.000370798
    8   -3    0  0.001552689  0.000370798
   -8    3    0  0.001552689  0.000370798
    3    8    0  0.001552689  0.000370798
    8    3    0  0.001552689  0.000370798
    3   -8    0  0.001552689  0.000370798
   -3   -8    0  0.001552689  0.000370798
   -7    5    0  0.002818372  0.000499667
    7    5    0  0.002818372  0.000499667
    5    7    0  0.002818372  0.000499667
    7   -5    0  0.002818372  0.000499667
   -5   -7    0  0.002818372  0.000499667
   -5    7    0  0.002818372  0.000499667
   -7   -5    0  0.002818372  0.000499667
    5   -7    0  0.002818372  0.000499667
    8    4    0  0.003671412  0.000495243
    8   -4    0  0.003671412  0.000495243
   -8   -4    0  0.003671412  0.000495243
   -8    4    0  0.003671412  0.000495243
    4   -8    0  0.003671412  0.000495243
    4    8    0  0.003671412  0.000495243
   -4    8    0  0.003671412  0.000495243
   -4   -8    0  0.003671412  0.000495243
    0   -9    0  0.001427689  0.000343876
    9    0    0  0.001427689  0.000343876
   -9    0    0  0.001427689  0.000343876
    0    9    0  0.001427689  0.000343876
   -1    9    0  0.002428441  0.000438195
    9    1    0  0.002428441  0.000438195
   -9   -1    0  0.002428441  0.000438195
    1    9    0  0.002428441  0.000438195
    9   -1    0  0.002428441  0.000438195
    1   -9    0  0.002428441  0.000438195
   -1   -9    0  0.002428441  0.000438195
   -9    1    0  0.002428441  0.000438195
   -7    6    0  0.001367887  0.000330647
   -6    7    0  0.001367887  0.000330647
    9    2    0  0.001367887  0.000330647
   -2    9    0  0.001367887  0.000330647
    7   -6    0  0.001367887  0.000330647
   -6   -7    0  0.001367887  0.000330647
    6    7    0  0.001367887  0.000330647
    7    6    0  0.001367887  0.000330647
   -7   -6    0  0.001367887  0.000330647
    2   -9    0  0.001367887  0.000330647
    9   -2    0  0.001367887  0.000330647
    6   -7    0  0.001367887  0.000330647
   -9   -2    0  0.001367887  0.000330647
   -2   -9    0  0.001367887  0.000330647
   -9    2    0  0.001367887  0.000330647
    2    9    0  0.001367887  0.000330647
    8   -5    0  0.001310103  0.000317638
   -5   -8    0  0.001310103  0.000317638
   -8   -5    0  0.001310103  0.000317638
   -8    5    0  0.001310103  0.000317638
   -5    8    0  0.001310103  0.000317638
    8    5    0  0.001310103  0.000317638
    5   -8    0  0.001310103  0.000317638
    5    8    0  0.001310103  0.000317638
    3   -9    0  0.002108084  0.000385184
   -9    3    0  0.002108084  0.000385184
   -9   -3    0  0.002108084  0.000385184
   -3    9    0  0.002108084  0.000385184
   -3   -9    0  0.002108084  0.000385184
    9    3    0  0.002108084  0.000385184
    3    9    0  0.002108084  0.000385184
    9   -3    0  0.002108084  0.000385184
    9    4    0  0.001200872  0.000292416
   -4    9    0  0.001200872  0.000292416
   -9   -4    0  0.001200872  0.000292416
    4   -9    0  0.001200872  0.000292416
    4    9    0  0.001200872  0.000292416
   -9    4    0  0.001200872  0.000292416
   -4   -9    0  0.001200872  0.000292416
    9   -4    0  0.001200872  0.000292416
    7    7    0  0.001841504  0.000339227
    7   -7    0  0.001841504  0.000339227
   -7   -7    0  0.001841504  0.000339227
   -7    7    0  0.001841504  0.000339227
   -8   -6    0  0.002483124  0.000350039
    8   -6    0  0.002483124  0.000350039
    0  -10    0  0.002483124  0.000350039
  -10    0    0  0.002483124  0.000350039
    8    6    0  0.002483124  0.000350039
   -8    6    0  0.002483124  0.000350039
    6    8    0  0.002483124  0.000350039
   10    0    0  0.002483124  0.000350039
   -6    8    0  0.002483124  0.000350039
   -6   -8    0  0.002483124  0.000350039
    0   10    0  0.002483124  0.000350039
    6   -8    0  0.002483124  0.000350039
   10   -1    0  0.001149463  0.000280253
    1  -10    0  0.001149463  0.000280253
   -1   10    0  0.001149463  0.000280253
   10    1    0  0.001149463  0.000280253
  -10   -1    0  0.001149463  0.000280253
   -1  -10    0  0.001149463  0.000280253
    1   10    0  0.001149463  0.000280253
  -10    1    0  0.001149463  0.000280253
  -10   -2    0  0.002308149  0.000327044
   10   -2    0  0.002308149  0.000327044
   -2   10    0  0.002308149  0.000327044
    2  -10    0  0.002308149  0.000327044
    2   10    0  0.002308149  0.000327044
   10    2    0  0.002308149  0.000327044
   -2  -10    0  0.002308149  0.000327044
  -10    2    0  0.002308149  0.000327044
   -5   -9    0  0.001617340  0.000299204
   -9   -5    0  0.001617340  0.000299204
    5    9    0  0.001617340  0.000299204
   -5    9    0  0.001617340  0.000299204
    9    5    0  0.001617340  0.000299204
    9   -5    0  0.001617340  0.000299204
   -9    5    0  0.001617340  0.000299204
    5   -9    0  0.001617340  0.000299204
    3  -10    0  0.001052953  0.000256902
  -10   -3    0  0.001052953  0.000256902
    3   10    0  0.001052953  0.000256902
   10   -3    0  0.001052953  0.000256902
   -3   10    0  0.001052953  0.000256902
  -10    3    0  0.001052953  0.000256902
   10    3    0  0.001052953  0.000256902
   -3  -10    0  0.001052953  0.000256902
   -8   -7    0  0.001007761  0.000245735
    7   -8    0  0.001007761  0.000245735
    8   -7    0  0.001007761  0.000245735
    7    8    0  0.001007761  0.000245735
   -7   -8    0  0.001007761  0.000245735
   -8    7    0  0.001007761  0.000245735
   -7    8    0  0.001007761  0.000245735
    8    7    0  0.001007761  0.000245735
   -4   10    0  0.001869273  0.000267267
    4   10    0  0.001869273  0.000267267
   -4  -10    0  0.001869273  0.000267267
   10    4    0  0.001869273  0.000267267
    4  -10    0  0.001869273  0.000267267
  -10    4    0  0.001869273  0.000267267
   10   -4    0  0.001869273  0.000267267
  -10   -4    0  0.001869273  0.000267267
    9    6    0  0.000964533  0.000234913
   -6   -9    0  0.000964533  0.000234913
   -6    9    0  0.000964533  0.000234913
   -9   -6    0  0.000964533  0.000234913
    9   -6    0  0.000964533  0.000234913
    6    9    0  0.000964533  0.000234913
   -9    6    0  0.000964533  0.000234913
    6   -9    0  0.000964533  0.000234913
  -11    0    0  0.000923205  0.000224439
    0  -11    0  0.000923205  0.000224439
   11    0    0  0.000923205  0.000224439
    0   11    0  0.000923205  0.000224439
    1  -11    0  0.001264666  0.000233505
   -1   11    0  0.001264666  0.000233505
  -11   -1    0  0.001264666  0.000233505
   11    1    0  0.001264666  0.000233505
  -11    1    0  0.001264666  0.000233505
   -1  -11    0  0.001264666  0.000233505
   11   -1    0  0.001264666  0.000233505
    1   11    0  0.001264666  0.000233505
   -5  -10    0  0.000883707  0.000214312
   -5   10    0  0.000883707  0.000214312
   -2  -11    0  0.000883707  0.000214312
   -2   11    0  0.000883707  0.000214312
    2   11    0  0.000883707  0.000214312
  -10   -5    0  0.000883707  0.000214312
  -11    2    0  0.000883707  0.000214312
    5  -10    0  0.000883707  0.000214312
   10   -5    0  0.000883707  0.000214312
   11   -2    0  0.000883707  0.000214312
   10    5    0  0.000883707  0.000214312
    2  -11    0  0.000883707  0.000214312
  -11   -2    0  0.000883707  0.000214312
    5   10    0  0.000883707  0.000214312
  -10    5    0  0.000883707  0.000214312
   11    2    0  0.000883707  0.000214312
    8    8    0  0.001530401  0.000218868
   -8    8    0  0.001530401  0.000218868
    8   -8    0  0.001530401  0.000218868
   -8   -8    0  0.001530401  0.000218868
   11   -3    0  0.001124864  0.000206479
   -3  -11    0  0.001124864  0.000206479
    3   11    0  0.001124864  0.000206479
   11    3    0  0.001124864  0.000206479
    3  -11    0  0.001124864  0.000206479
   -3   11    0  0.001124864  0.000206479
  -11   -3    0  0.001124864  0.000206479
  -11    3    0  0.001124864  0.000206479
   -7    9    0  0.001124864  0.000206479
   -9   -7    0  0.001124864  0.000206479
    7   -9    0  0.001124864  0.000206479
    7    9    0  0.001124864  0.000206479
    9   -7    0  0.001124864  0.000206479
   -7   -9    0  0.001124864  0.000206479
    9    7    0  0.001124864  0.000206479
   -9    7    0  0.001124864  0.000206479
  -10   -6    0  0.001346385  0.000191687
   -6   10    0  0.001346385  0.000191687
   10    6    0  0.001346385  0.000191687
   10   -6    0  0.001346385  0.000191687
    6  -10    0  0.001346385  0.000191687
   -6  -10    0  0.001346385  0.000191687
  -10    6    0  0.001346385  0.000191687
    6   10    0  0.001346385  0.000191687
   11   -4    0  0.000775488  0.000185991
   -4  -11    0  0.000775488  0.000185991
    4   11    0  0.000775488  0.000185991
  -11    4    0  0.000775488  0.000185991
    4  -11    0  0.000775488  0.000185991
   11    4    0  0.000775488  0.000185991
   -4   11    0  0.000775488  0.000185991
  -11   -4    0  0.000775488  0.000185991
  -12    0    0  0.001188946  0.000167892
    0  -12    0  0.001188946  0.000167892
    0   12    0  0.001188946  0.000167892
   12    0    0  0.001188946  0.000167892
   -8   -9    0  0.000711202  0.000168779
   -8    9    0  0.000711202  0.000168779
    9    8    0  0.000711202  0.000168779
   -1   12    0  0.000711202  0.000168779
   -1  -12    0  0.000711202  0.000168779
    8    9    0  0.000711202  0.000168779
    8   -9    0  0.000711202  0.000168779
   -9   -8    0  0.000711202  0.000168779
   -9    8    0  0.000711202  0.000168779
  -12    1    0  0.000711202  0.000168779
    1  -12    0  0.000711202  0.000168779
    9   -8    0  0.000711202  0.000168779
    1   12    0  0.000711202  0.000168779
   12    1    0  0.000711202  0.000168779
   12   -1    0  0.000711202  0.000168779
  -12   -1    0  0.000711202  0.000168779
   11    5    0  0.000898737  0.000161516
  -11    5    0  0.000898737  0.000161516
    5   11    0  0.000898737  0.000161516
    5  -11    0  0.000898737  0.000161516
   -5   11    0  0.000898737  0.000161516
   -5  -11    0  0.000898737  0.000161516
   11   -5    0  0.000898737  0.000161516
  -11   -5    0  0.000898737  0.000161516
  -12   -2    0  0.001118732  0.000157113
    2   12    0  0.001118732  0.000157113
   -2  -12    0  0.001118732  0.000157113
  -12    2    0  0.001118732  0.000157113
   12    2    0  0.001118732  0.000157113
   -2   12    0  0.001118732  0.000157113
   12   -2    0  0.001118732  0.000157113
    2  -12    0  0.001118732  0.000157113
  -10   -7    0  0.000681214  0.000160654
   -7   10    0  0.000681214  0.000160654
   -7  -10    0  0.000681214  0.000160654
   10    7    0  0.000681214  0.000160654
    7  -10    0  0.000681214  0.000160654
    7   10    0  0.000681214  0.000160654
   10   -7    0  0.000681214  0.000160654
  -10    7    0  0.000681214  0.000160654
   12   -3    0  0.000652576  0.000152841
    3   12    0  0.000652576  0.000152841
   -3   12    0  0.000652576  0.000152841
    3  -12    0  0.000652576  0.000152841
   -3  -12    0  0.000652576  0.000152841
  -12   -3    0  0.000652576  0.000152841
   12    3    0  0.000652576  0.000152841
  -12    3    0  0.000652576  0.000152841
    6  -11    0  0.000625226  0.000145331
   -6   11    0  0.000625226  0.000145331
  -11    6    0  0.000625226  0.000145331
   11   -6    0  0.000625226  0.000145331
  -11   -6    0  0.000625226  0.000145331
    6   11    0  0.000625226  0.000145331
   11    6    0  0.000625226  0.000145331
   -6  -11    0  0.000625226  0.000145331
  -12   -4    0  0.000936509  0.000128640
   12   -4    0  0.000936509  0.000128640
   12    4    0  0.000936509  0.000128640
   -4   12    0  0.000936509  0.000128640
   -4  -12    0  0.000936509  0.000128640
  -12    4    0  0.000936509  0.000128640
    4   12    0  0.000936509  0.000128640
    4  -12    0  0.000936509  0.000128640
    9   -9    0  0.000726249  0.000126161
   -9   -9    0  0.000726249  0.000126161
    9    9    0  0.000726249  0.000126161
   -9    9    0  0.000726249  0.000126161
  -10   -8    0  0.000883951  0.000120291
   10    8    0  0.000883951  0.000120291
   -8   10    0  0.000883951  0.000120291
   -8  -10    0  0.000883951  0.000120291
    8   10    0  0.000883951  0.000120291
  -10    8    0  0.000883951  0.000120291
   10   -8    0  0.000883951  0.000120291
    8  -10    0  0.000883951  0.000120291
   12   -5    0  0.000550324  0.000124538
  -12    5    0  0.000550324  0.000124538
   -5   12    0  0.000550324  0.000124538
   12    5    0  0.000550324  0.000124538
    5  -12    0  0.000550324  0.000124538
   -5  -12    0  0.000550324  0.000124538
  -12   -5    0  0.000550324  0.000124538
    5   12    0  0.000550324  0.000124538
    0   13    0  0.000550324  0.000124538
   13    0    0  0.000550324  0.000124538
    0  -13    0  0.000550324  0.000124538
  -13    0    0  0.000550324  0.000124538
    7   11    0  0.000655265  0.000111352
   -7  -11    0  0.000655265  0.000111352
  -11    7    0  0.000655265  0.000111352
   11    7    0  0.000655265  0.000111352
    7  -11    0  0.000655265  0.000111352
  -11   -7    0  0.000655265  0.000111352
   -7   11    0  0.000655265  0.000111352
   11   -7    0  0.000655265  0.000111352
   -1   13    0  0.000655265  0.000111352
   -1  -13    0  0.000655265  0.000111352
    1  -13    0  0.000655265  0.000111352
   13   -1    0  0.000655265  0.000111352
   13    1    0  0.000655265  0.000111352
  -13   -1    0  0.000655265  0.000111352
  -13    1    0  0.000655265  0.000111352
    1   13    0  0.000655265  0.000111352
   -2   13    0  0.000527558  0.000118158
    2  -13    0  0.000527558  0.000118158
   13    2    0  0.000527558  0.000118158
   -2  -13    0  0.000527558  0.000118158
  -13    2    0  0.000527558  0.000118158
   13   -2    0  0.000527558  0.000118158
  -13   -2    0  0.000527558  0.000118158
    2   13    0  0.000527558  0.000118158
  -13   -3    0  0.000592532  0.000098147
   13    3    0  0.000592532  0.000098147
   -3  -13    0  0.000592532  0.000098147
   -3   13    0  0.000592532  0.000098147
   13   -3    0  0.000592532  0.000098147
  -13    3    0  0.000592532  0.000098147
    3   13    0  0.000592532  0.000098147
    3  -13    0  0.000592532  0.000098147
    6  -12    0  0.000706425  0.000091634
  -12   -6    0  0.000706425  0.000091634
   12   -6    0  0.000706425  0.000091634
   12    6    0  0.000706425  0.000091634
    6   12    0  0.000706425  0.000091634
  -12    6    0  0.000706425  0.000091634
   -6   12    0  0.000706425  0.000091634
   -6  -12    0  0.000706425  0.000091634
    9  -10    0  0.000485021  0.000106174
   10   -9    0  0.000485021  0.000106174
    9   10    0  0.000485021  0.000106174
  -10    9    0  0.000485021  0.000106174
   10    9    0  0.000485021  0.000106174
   -9  -10    0  0.000485021  0.000106174
  -10   -9    0  0.000485021  0.000106174
   -9   10    0  0.000485021  0.000106174
  -11   -8    0  0.000465158  0.000100552
    8  -11    0  0.000465158  0.000100552
   11    8    0  0.000465158  0.000100552
  -13   -4    0  0.000465158  0.000100552
    8   11    0  0.000465158  0.000100552
   13    4    0  0.000465158  0.000100552
  -13    4    0  0.000465158  0.000100552
  -11    8    0  0.000465158  0.000100552
    4  -13    0  0.000465158  0.000100552
   -8   11    0  0.000465158  0.000100552
   11   -8    0  0.000465158  0.000100552
   13   -4    0  0.000465158  0.000100552
   -8  -11    0  0.000465158  0.000100552
   -4  -13    0  0.000465158  0.000100552
    4   13    0  0.000465158  0.000100552
   -4   13    0  0.000465158  0.000100552
  -12    7    0  0.000428024  0.000090010
    7  -12    0  0.000428024  0.000090010
   12    7    0  0.000428024  0.000090010
   -7   12    0  0.000428024  0.000090010
   12   -7    0  0.000428024  0.000090010
  -12   -7    0  0.000428024  0.000090010
   -7  -12    0  0.000428024  0.000090010
    7   12    0  0.000428024  0.000090010
   -5   13    0  0.000487439  0.000075815
  -13   -5    0  0.000487439  0.000075815
   13   -5    0  0.000487439  0.000075815
    5  -13    0  0.000487439  0.000075815
   13    5    0  0.000487439  0.000075815
    5   13    0  0.000487439  0.000075815
  -13    5    0  0.000487439  0.000075815
   -5  -13    0  0.000487439  0.000075815
  -14    0    0  0.000570169  0.000069181
    0   14    0  0.000570169  0.000069181
    0  -14    0  0.000570169  0.000069181
   14    0    0  0.000570169  0.000069181
   -1   14    0  0.000410673  0.000085072
   -1  -14    0  0.000410673  0.000085072
    1  -14    0  0.000410673  0.000085072
    1   14    0  0.000410673  0.000085072
  -14   -1    0  0.000410673  0.000085072
  -14    1    0  0.000410673  0.000085072
   14    1    0  0.000410673  0.000085072
   14   -1    0  0.000410673  0.000085072
  -10   10    0  0.000541187  0.000064361
   10  -10    0  0.000541187  0.000064361
  -10  -10    0  0.000541187  0.000064361
   10   10    0  0.000541187  0.000064361
   14    2    0  0.000541187  0.000064361
  -14   -2    0  0.000541187  0.000064361
  -14    2    0  0.000541187  0.000064361
   -2  -14    0  0.000541187  0.000064361
   14   -2    0  0.000541187  0.000064361
    2   14    0  0.000541187  0.000064361
   -2   14    0  0.000541187  0.000064361
    2  -14    0  0.000541187  0.000064361
   11   -9    0  0.000443318  0.000066381
   -9  -11    0  0.000443318  0.000066381
   11    9    0  0.000443318  0.000066381
  -11   -9    0  0.000443318  0.000066381
  -11    9    0  0.000443318  0.000066381
    9   11    0  0.000443318  0.000066381
    9  -11    0  0.000443318  0.000066381
   -9   11    0  0.000443318  0.000066381
   13   -6    0  0.000378215  0.000075824
  -14   -3    0  0.000378215  0.000075824
   -6  -13    0  0.000378215  0.000075824
   14    3    0  0.000378215  0.000075824
  -14    3    0  0.000378215  0.000075824
  -13    6    0  0.000378215  0.000075824
    6   13    0  0.000378215  0.000075824
   13    6    0  0.000378215  0.000075824
    3   14    0  0.000378215  0.000075824
  -13   -6    0  0.000378215  0.000075824
   -3   14    0  0.000378215  0.000075824
    3  -14    0  0.000378215  0.000075824
   -6   13    0  0.000378215  0.000075824
   14   -3    0  0.000378215  0.000075824
   -3  -14    0  0.000378215  0.000075824
    6  -13    0  0.000378215  0.000075824
    8  -12    0  0.000488331  0.000055536
    8   12    0  0.000488331  0.000055536
   -8  -12    0  0.000488331  0.000055536
   -8   12    0  0.000488331  0.000055536
   12   -8    0  0.000488331  0.000055536
  -12   -8    0  0.000488331  0.000055536
  -12    8    0  0.000488331  0.000055536
   12    8    0  0.000488331  0.000055536
   14   -4    0  0.000464220  0.000051499
    4   14    0  0.000464220  0.000051499
    4  -14    0  0.000464220  0.000051499
   14    4    0  0.000464220  0.000051499
  -14   -4    0  0.000464220  0.000051499
   -4  -14    0  0.000464220  0.000051499
   -4   14    0  0.000464220  0.000051499
  -14    4    0  0.000464220  0.000051499
   13    7    0  0.000368489  0.000050355
    7  -13    0  0.000368489  0.000050355
  -13    7    0  0.000368489  0.000050355
   -7  -13    0  0.000368489  0.000050355
    7   13    0  0.000368489  0.000050355
   13   -7    0  0.000368489  0.000050355
  -13   -7    0  0.000368489  0.000050355
   -7   13    0  0.000368489  0.000050355
  -11   10    0  0.000321334  0.000059630
  -10   11    0  0.000321334  0.000059630
   11   10    0  0.000321334  0.000059630
   10   11    0  0.000321334  0.000059630
  -11  -10    0  0.000321334  0.000059630
   10  -11    0  0.000321334  0.000059630
   11  -10    0  0.000321334  0.000059630
  -10  -11    0  0.000321334  0.000059630
   14   -5    0  0.000321334  0.000059630
   -5   14    0  0.000321334  0.000059630
    5  -14    0  0.000321334  0.000059630
    5   14    0  0.000321334  0.000059630
   14    5    0  0.000321334  0.000059630
   -5  -14    0  0.000321334  0.000059630
  -14    5    0  0.000321334  0.000059630
  -14   -5    0  0.000321334  0.000059630
  -15    0    0  0.000308611  0.000056020
    0   15    0  0.000308611  0.000056020
   12    9    0  0.000308611  0.000056020
   -9   12    0  0.000308611  0.000056020
    9  -12    0  0.000308611  0.000056020
  -12   -9    0  0.000308611  0.000056020
    9   12    0  0.000308611  0.000056020
  -12    9    0  0.000308611  0.000056020
   12   -9    0  0.000308611  0.000056020
   -9  -12    0  0.000308611  0.000056020
   15    0    0  0.000308611  0.000056020
    0  -15    0  0.000308611  0.000056020
    1   15    0  0.000336704  0.000043561
   -1  -15    0  0.000336704  0.000043561
  -15    1    0  0.000336704  0.000043561
   15   -1    0  0.000336704  0.000043561
   15    1    0  0.000336704  0.000043561
  -15   -1    0  0.000336704  0.000043561
   -1   15    0  0.000336704  0.000043561
    1  -15    0  0.000336704  0.000043561
   -2   15    0  0.000296431  0.000052571
   15   -2    0  0.000296431  0.000052571
   15    2    0  0.000296431  0.000052571
  -15   -2    0  0.000296431  0.000052571
    2  -15    0  0.000296431  0.000052571
   -2  -15    0  0.000296431  0.000052571
  -15    2    0  0.000296431  0.000052571
    2   15    0  0.000296431  0.000052571
    6  -14    0  0.000362903  0.000034504
  -14   -6    0  0.000362903  0.000034504
   -6   14    0  0.000362903  0.000034504
   14    6    0  0.000362903  0.000034504
  -14    6    0  0.000362903  0.000034504
   14   -6    0  0.000362903  0.000034504
   -6  -14    0  0.000362903  0.000034504
    6   14    0  0.000362903  0.000034504
   13    8    0  0.000284771  0.000049278
  -13   -8    0  0.000284771  0.000049278
    8  -13    0  0.000284771  0.000049278
   -8   13    0  0.000284771  0.000049278
  -13    8    0  0.000284771  0.000049278
   -8  -13    0  0.000284771  0.000049278
   13   -8    0  0.000284771  0.000049278
    8   13    0  0.000284771  0.000049278
  -15    3    0  0.000308079  0.000037464
   -3  -15    0  0.000308079  0.000037464
    3  -15    0  0.000308079  0.000037464
   -3   15    0  0.000308079  0.000037464
   15   -3    0  0.000308079  0.000037464
    3   15    0  0.000308079  0.000037464
   15    3    0  0.000308079  0.000037464
  -15   -3    0  0.000308079  0.000037464
    4  -15    0  0.000262911  0.000043133
   -4  -15    0  0.000262911  0.000043133
   15    4    0  0.000262911  0.000043133
    4   15    0  0.000262911  0.000043133
  -15   -4    0  0.000262911  0.000043133
   15   -4    0  0.000262911  0.000043133
   -4   15    0  0.000262911  0.000043133
  -15    4    0  0.000262911  0.000043133
  -11   11    0  0.000282247  0.000031992
   11  -11    0  0.000282247  0.000031992
  -11  -11    0  0.000282247  0.000031992
   11   11    0  0.000282247  0.000031992
  -12   10    0  0.000314662  0.000026440
   10  -12    0  0.000314662  0.000026440
   12  -10    0  0.000314662  0.000026440
   12   10    0  0.000314662  0.000026440
  -10   12    0  0.000314662  0.000026440
  -10  -12    0  0.000314662  0.000026440
   10   12    0  0.000314662  0.000026440
  -12  -10    0  0.000314662  0.000026440
   14    7    0  0.000252668  0.000040269
  -14   -7    0  0.000252668  0.000040269
   14   -7    0  0.000252668  0.000040269
   -7   14    0  0.000252668  0.000040269
   -7  -14    0  0.000252668  0.000040269
    7   14    0  0.000252668  0.000040269
    7  -14    0  0.000252668  0.000040269
  -14    7    0  0.000252668  0.000040269
   -5   15    0  0.000258891  0.000027081
  -15    5    0  0.000258891  0.000027081
   -5  -15    0  0.000258891  0.000027081
    5  -15    0  0.000258891  0.000027081
   15    5    0  0.000258891  0.000027081
  -15   -5    0  0.000258891  0.000027081
  -13   -9    0  0.000258891  0.000027081
   13    9    0  0.000258891  0.000027081
   -9  -13    0  0.000258891  0.000027081
   15   -5    0  0.000258891  0.000027081
    5   15    0  0.000258891  0.000027081
    9  -13    0  0.000258891  0.000027081
    9   13    0  0.000258891  0.000027081
   13   -9    0  0.000258891  0.000027081
  -13    9    0  0.000258891  0.000027081
   -9   13    0  0.000258891  0.000027081
  -16    0    0  0.000273773  0.000019662
   16    0    0  0.000273773  0.000019662
    0  -16    0  0.000273773  0.000019662
    0   16    0  0.000273773  0.000019662
   -1  -16    0  0.000224441  0.000032450
    1   16    0  0.000224441  0.000032450
  -16   -1    0  0.000224441  0.000032450
   -1   16    0  0.000224441  0.000032450
  -16    1    0  0.000224441  0.000032450
   16   -1    0  0.000224441  0.000032450
   16    1    0  0.000224441  0.000032450
    1  -16    0  0.000224441  0.000032450
    2   16    0  0.000261548  0.000017652
   14   -8    0  0.000261548  0.000017652
    8   14    0  0.000261548  0.000017652
   -8   14    0  0.000261548  0.000017652
   -2  -16    0  0.000261548  0.000017652
  -16    2    0  0.000261548  0.000017652
    2  -16    0  0.000261548  0.000017652
   16   -2    0  0.000261548  0.000017652
   -8  -14    0  0.000261548  0.000017652
  -14   -8    0  0.000261548  0.000017652
   16    2    0  0.000261548  0.000017652
  -14    8    0  0.000261548  0.000017652
   -2   16    0  0.000261548  0.000017652
    8  -14    0  0.000261548  0.000017652
  -16   -2    0  0.000261548  0.000017652
   14    8    0  0.000261548  0.000017652
    6  -15    0  0.000215804  0.000030084
  -15    6    0  0.000215804  0.000030084
   15   -6    0  0.000215804  0.000030084
   -6  -15    0  0.000215804  0.000030084
   15    6    0  0.000215804  0.000030084
  -15   -6    0  0.000215804  0.000030084
   -6   15    0  0.000215804  0.000030084
    6   15    0  0.000215804  0.000030084
  -12  -11    0  0.000207524  0.000027829
  -12   11    0  0.000207524  0.000027829
   12  -11    0  0.000207524  0.000027829
   11   12    0  0.000207524  0.000027829
  -11   12    0  0.000207524  0.000027829
  -11  -12    0  0.000207524  0.000027829
   11  -12    0  0.000207524  0.000027829
   12   11    0  0.000207524  0.000027829
    3  -16    0  0.000207524  0.000027829
    3   16    0  0.000207524  0.000027829
   16   -3    0  0.000207524  0.000027829
   -3  -16    0  0.000207524  0.000027829
   -3   16    0  0.000207524  0.000027829
  -16    3    0  0.000207524  0.000027829
  -16   -3    0  0.000207524  0.000027829
   16    3    0  0.000207524  0.000027829
   10  -13    0  0.000199586  0.000025681
  -13  -10    0  0.000199586  0.000025681
  -10   13    0  0.000199586  0.000025681
  -10  -13    0  0.000199586  0.000025681
   13   10    0  0.000199586  0.000025681
   10   13    0  0.000199586  0.000025681
  -13   10    0  0.000199586  0.000025681
   13  -10    0  0.000199586  0.000025681
  -16    4    0  0.000228509  0.000012277
    4  -16    0  0.000228509  0.000012277
   16    4    0  0.000228509  0.000012277
    4   16    0  0.000228509  0.000012277
  -16   -4    0  0.000228509  0.000012277
   -4   16    0  0.000228509  0.000012277
   -4  -16    0  0.000228509  0.000012277
   16   -4    0  0.000228509  0.000012277
   15   -7    0  0.000201087  0.000015171
   15    7    0  0.000201087  0.000015171
   -7  -15    0  0.000201087  0.000015171
   -7   15    0  0.000201087  0.000015171
    7  -15    0  0.000201087  0.000015171
  -15   -7    0  0.000201087  0.000015171
    7   15    0  0.000201087  0.000015171
  -15    7    0  0.000201087  0.000015171
  -14   -9    0  0.000184674  0.000021688
   -9   14    0  0.000184674  0.000021688
   14    9    0  0.000184674  0.000021688
    9   14    0  0.000184674  0.000021688
   14   -9    0  0.000184674  0.000021688
    9  -14    0  0.000184674  0.000021688
   -9  -14    0  0.000184674  0.000021688
  -14    9    0  0.000184674  0.000021688
   -5   16    0  0.000177672  0.000019835
   16    5    0  0.000177672  0.000019835
   -5  -16    0  0.000177672  0.000019835
    5  -16    0  0.000177672  0.000019835
  -16   -5    0  0.000177672  0.000019835
   16   -5    0  0.000177672  0.000019835
    5   16    0  0.000177672  0.000019835
  -16    5    0  0.000177672  0.000019835
  -12  -12    0  0.000191691  0.000006431
   12   12    0  0.000191691  0.000006431
  -12   12    0  0.000191691  0.000006431
   12  -12    0  0.000191691  0.000006431
   15    8    0  0.000164509  0.000016396
    0   17    0  0.000164509  0.000016396
  -15   -8    0  0.000164509  0.000016396
   17    0    0  0.000164509  0.000016396
   -8   15    0  0.000164509  0.000016396
   15   -8    0  0.000164509  0.000016396
    8  -15    0  0.000164509  0.000016396
    8   15    0  0.000164509  0.000016396
   -8  -15    0  0.000164509  0.000016396
  -15    8    0  0.000164509  0.000016396
  -17    0    0  0.000164509  0.000016396
    0  -17    0  0.000164509  0.000016396
  -13  -11    0  0.000170725  0.000009143
   13   11    0  0.000170725  0.000009143
  -13   11    0  0.000170725  0.000009143
   11  -13    0  0.000170725  0.000009143
   11   13    0  0.000170725  0.000009143
  -11   13    0  0.000170725  0.000009143
  -11  -13    0  0.000170725  0.000009143
   13  -11    0  0.000170725  0.000009143
    1  -17    0  0.000170725  0.000009143
   -1  -17    0  0.000170725  0.000009143
    1   17    0  0.000170725  0.000009143
   -1   17    0  0.000170725  0.000009143
   17    1    0  0.000170725  0.000009143
   17   -1    0  0.000170725  0.000009143
  -17    1    0  0.000170725  0.000009143
  -17   -1    0  0.000170725  0.000009143
    6  -16    0  0.000183586  0.000005172
   16    6    0  0.000183586  0.000005172
    6   16    0  0.000183586  0.000005172
   -6  -16    0  0.000183586  0.000005172
   -6   16    0  0.000183586  0.000005172
  -16    6    0  0.000183586  0.000005172
  -16   -6    0  0.000183586  0.000005172
   16   -6    0  0.000183586  0.000005172
   17    2    0  0.000158323  0.000014802
  -17   -2    0  0.000158323  0.000014802
  -17    2    0  0.000158323  0.000014802
   -2   17    0  0.000158323  0.000014802
    2   17    0  0.000158323  0.000014802
   -2  -17    0  0.000158323  0.000014802
   17   -2    0  0.000158323  0.000014802
    2  -17    0  0.000158323  0.000014802
   10  -14    0  0.000175872  0.000003987
  -14  -10    0  0.000175872  0.000003987
   14   10    0  0.000175872  0.000003987
  -10  -14    0  0.000175872  0.000003987
  -10   14    0  0.000175872  0.000003987
   10   14    0  0.000175872  0.000003987
   14  -10    0  0.000175872  0.000003987
  -14   10    0  0.000175872  0.000003987
  -17    3    0  0.000157509  0.000006594
    3  -17    0  0.000157509  0.000006594
   17    3    0  0.000157509  0.000006594
  -17   -3    0  0.000157509  0.000006594
   -3  -17    0  0.000157509  0.000006594
    3   17    0  0.000157509  0.000006594
   -3   17    0  0.000157509  0.000006594
   17   -3    0  0.000157509  0.000006594
  -16   -7    0  0.000141218  0.000010483
   16   -7    0  0.000141218  0.000010483
   -7   16    0  0.000141218  0.000010483
   16    7    0  0.000141218  0.000010483
   -7  -16    0  0.000141218  0.000010483
    7  -16    0  0.000141218  0.000010483
    7   16    0  0.000141218  0.000010483
  -16    7    0  0.000141218  0.000010483
  -17   -4    0  0.000141218  0.000010483
  -17    4    0  0.000141218  0.000010483
    4  -17    0  0.000141218  0.000010483
   -4   17    0  0.000141218  0.000010483
   17    4    0  0.000141218  0.000010483
    4   17    0  0.000141218  0.000010483
   -4  -17    0  0.000141218  0.000010483
   17   -4    0  0.000141218  0.000010483
   15   -9    0  0.000145428  0.000004317
  -15    9    0  0.000145428  0.000004317
   15    9    0  0.000145428  0.000004317
  -15   -9    0  0.000145428  0.000004317
   -9  -15    0  0.000145428  0.000004317
    9   15    0  0.000145428  0.000004317
   -9   15    0  0.000145428  0.000004317
    9  -15    0  0.000145428  0.000004317
   12  -13    0  0.000130921  0.000007956
  -13   12    0  0.000130921  0.000007956
  -12   13    0  0.000130921  0.000007956
   13  -12    0  0.000130921  0.000007956
  -12  -13    0  0.000130921  0.000007956
   13   12    0  0.000130921  0.000007956
   12   13    0  0.000130921  0.000007956
  -13  -12    0  0.000130921  0.000007956
  -17    5    0  0.000134373  0.000002284
   17   -5    0  0.000134373  0.000002284
   17    5    0  0.000134373  0.000002284
  -17   -5    0  0.000134373  0.000002284
    5   17    0  0.000134373  0.000002284
    5  -17    0  0.000134373  0.000002284
   -5   17    0  0.000134373  0.000002284
   -5  -17    0  0.000134373  0.000002284
   11   14    0  0.000126077  0.000006789
  -11  -14    0  0.000126077  0.000006789
   14   11    0  0.000126077  0.000006789
   14  -11    0  0.000126077  0.000006789
  -14  -11    0  0.000126077  0.000006789
   11  -14    0  0.000126077  0.000006789
  -11   14    0  0.000126077  0.000006789
  -14   11    0  0.000126077  0.000006789
   16   -8    0  0.000136668 -0.000001798
   -8  -16    0  0.000136668 -0.000001798
    8  -16    0  0.000136668 -0.000001798
   16    8    0  0.000136668 -0.000001798
  -16    8    0  0.000136668 -0.000001798
   -8   16    0  0.000136668 -0.000001798
    8   16    0  0.000136668 -0.000001798
  -16   -8    0  0.000136668 -0.000001798
  -18    0    0  0.000131151 -0.000002570
   18    0    0  0.000131151 -0.000002570
    0   18    0  0.000131151 -0.000002570
    0  -18    0  0.000131151 -0.000002570
  -15   10    0  0.000116953  0.000004636
   -1   18    0  0.000116953  0.000004636
   -6  -17    0  0.000116953  0.000004636
   10   15    0  0.000116953  0.000004636
   18   -1    0  0.000116953  0.000004636
  -15  -10    0  0.000116953  0.000004636
    1  -18    0  0.000116953  0.000004636
   15   10    0  0.000116953  0.000004636
    6   17    0  0.000116953  0.000004636
  -10  -15    0  0.000116953  0.000004636
   10  -15    0  0.000116953  0.000004636
  -18   -1    0  0.000116953  0.000004636
   18    1    0  0.000116953  0.000004636
  -18    1    0  0.000116953  0.000004636
   -1  -18    0  0.000116953  0.000004636
    1   18    0  0.000116953  0.000004636
   15  -10    0  0.000116953  0.000004636
   -6   17    0  0.000116953  0.000004636
   17   -6    0  0.000116953  0.000004636
   17    6    0  0.000116953  0.000004636
  -17   -6    0  0.000116953  0.000004636
  -17    6    0  0.000116953  0.000004636
    6  -17    0  0.000116953  0.000004636
  -10   15    0  0.000116953  0.000004636
   -2   18    0  0.000125885 -0.000003294
    2   18    0  0.000125885 -0.000003294
    2  -18    0  0.000125885 -0.000003294
   -2  -18    0  0.000125885 -0.000003294
   18    2    0  0.000125885 -0.000003294
   18   -2    0  0.000125885 -0.000003294
  -18   -2    0  0.000125885 -0.000003294
  -18    2    0  0.000125885 -0.000003294
   -3  -18    0  0.000108530  0.000002705
    3   18    0  0.000108530  0.000002705
   -3   18    0  0.000108530  0.000002705
  -18   -3    0  0.000108530  0.000002705
   18   -3    0  0.000108530  0.000002705
   18    3    0  0.000108530  0.000002705
  -18    3    0  0.000108530  0.000002705
    3  -18    0  0.000108530  0.000002705
  -16   -9    0  0.000104564  0.000001816
  -16    9    0  0.000104564  0.000001816
   16   -9    0  0.000104564  0.000001816
   -9   16    0  0.000104564  0.000001816
   16    9    0  0.000104564  0.000001816
    9  -16    0  0.000104564  0.000001816
    9   16    0  0.000104564  0.000001816
   -9  -16    0  0.000104564  0.000001816
   -7  -17    0  0.000106424 -0.000002563
  -13   13    0  0.000106424 -0.000002563
    7   17    0  0.000106424 -0.000002563
  -17   -7    0  0.000106424 -0.000002563
   13   13    0  0.000106424 -0.000002563
   17   -7    0  0.000106424 -0.000002563
  -13  -13    0  0.000106424 -0.000002563
   -7   17    0  0.000106424 -0.000002563
   17    7    0  0.000106424 -0.000002563
   13  -13    0  0.000106424 -0.000002563
  -17    7    0  0.000106424 -0.000002563
    7  -17    0  0.000106424 -0.000002563
    4   18    0  0.000111462 -0.000005205
   -4   18    0  0.000111462 -0.000005205
   -4  -18    0  0.000111462 -0.000005205
    4  -18    0  0.000111462 -0.000005205
   14  -12    0  0.000111462 -0.000005205
   14   12    0  0.000111462 -0.000005205
   12   14    0  0.000111462 -0.000005205
   18    4    0  0.000111462 -0.000005205
   18   -4    0  0.000111462 -0.000005205
  -14   12    0  0.000111462 -0.000005205
  -18    4    0  0.000111462 -0.000005205
  -12   14    0  0.000111462 -0.000005205
  -12  -14    0  0.000111462 -0.000005205
   12  -14    0  0.000111462 -0.000005205
  -18   -4    0  0.000111462 -0.000005205
  -14  -12    0  0.000111462 -0.000005205
  -15  -11    0  0.000098586 -0.000003826
  -15   11    0  0.000098586 -0.000003826
   15  -11    0  0.000098586 -0.000003826
  -11   15    0  0.000098586 -0.000003826
   11  -15    0  0.000098586 -0.000003826
   15   11    0  0.000098586 -0.000003826
  -11  -15    0  0.000098586 -0.000003826
   11   15    0  0.000098586 -0.000003826
    5   18    0  0.000093563 -0.000000565
   18   -5    0  0.000093563 -0.000000565
   -5  -18    0  0.000093563 -0.000000565
  -18    5    0  0.000093563 -0.000000565
   -5   18    0  0.000093563 -0.000000565
   18    5    0  0.000093563 -0.000000565
    5  -18    0  0.000093563 -0.000000565
  -18   -5    0  0.000093563 -0.000000565
  -17   -8    0  0.000090176 -0.000001272
   -8  -17    0  0.000090176 -0.000001272
  -17    8    0  0.000090176 -0.000001272
    8   17    0  0.000090176 -0.000001272
    8  -17    0  0.000090176 -0.000001272
   -8   17    0  0.000090176 -0.000001272
   17    8    0  0.000090176 -0.000001272
   17   -8    0  0.000090176 -0.000001272
   10  -16    0  0.000095030 -0.000007222
  -16   10    0  0.000095030 -0.000007222
  -16  -10    0  0.000095030 -0.000007222
   10   16    0  0.000095030 -0.000007222
   16  -10    0  0.000095030 -0.000007222
  -10   16    0  0.000095030 -0.000007222
  -10  -16    0  0.000095030 -0.000007222
   16   10    0  0.000095030 -0.000007222
   18   -6    0  0.000091358 -0.000007644
   -6  -18    0  0.000091358 -0.000007644
  -18    6    0  0.000091358 -0.000007644
  -18   -6    0  0.000091358 -0.000007644
    6   18    0  0.000091358 -0.000007644
    6  -18    0  0.000091358 -0.000007644
   18    6    0  0.000091358 -0.000007644
   -6   18    0  0.000091358 -0.000007644
  -19    0    0  0.000083785 -0.000002565
    0   19    0  0.000083785 -0.000002565
    0  -19    0  0.000083785 -0.000002565
   19    0    0  0.000083785 -0.000002565
   -1   19    0  0.000084736 -0.000005916
    1  -19    0  0.000084736 -0.000005916
   19    1    0  0.000084736 -0.000005916
   -1  -19    0  0.000084736 -0.000005916
  -19    1    0  0.000084736 -0.000005916
   19   -1    0  0.000084736 -0.000005916
  -19   -1    0  0.000084736 -0.000005916
    1   19    0  0.000084736 -0.000005916
  -14   13    0  0.000080772 -0.000003156
   14   13    0  0.000080772 -0.000003156
    2  -19    0  0.000080772 -0.000003156
  -19    2    0  0.000080772 -0.000003156
   14  -13    0  0.000080772 -0.000003156
   -2  -19    0  0.000080772 -0.000003156
  -13   14    0  0.000080772 -0.000003156
   -2   19    0  0.000080772 -0.000003156
    2   19    0  0.000080772 -0.000003156
   19    2    0  0.000080772 -0.000003156
   13  -14    0  0.000080772 -0.000003156
   19   -2    0  0.000080772 -0.000003156
  -14  -13    0  0.000080772 -0.000003156
  -13  -14    0  0.000080772 -0.000003156
  -19   -2    0  0.000080772 -0.000003156
   13   14    0  0.000080772 -0.000003156
  -15   12    0  0.000077873 -0.000003711
   15   12    0  0.000077873 -0.000003711
  -15  -12    0  0.000077873 -0.000003711
   12  -15    0  0.000077873 -0.000003711
   15  -12    0  0.000077873 -0.000003711
  -12   15    0  0.000077873 -0.000003711
   12   15    0  0.000077873 -0.000003711
  -12  -15    0  0.000077873 -0.000003711
   -3   19    0  0.000078619 -0.000006771
    3  -19    0  0.000078619 -0.000006771
   17   -9    0  0.000078619 -0.000006771
  -19    3    0  0.000078619 -0.000006771
    3   19    0  0.000078619 -0.000006771
   -9   17    0  0.000078619 -0.000006771
  -17   -9    0  0.000078619 -0.000006771
   17    9    0  0.000078619 -0.000006771
    9   17    0  0.000078619 -0.000006771
   -3  -19    0  0.000078619 -0.000006771
   19   -3    0  0.000078619 -0.000006771
    9  -17    0  0.000078619 -0.000006771
   -9  -17    0  0.000078619 -0.000006771
   19    3    0  0.000078619 -0.000006771
  -19   -3    0  0.000078619 -0.000006771
  -17    9    0  0.000078619 -0.000006771
   18   -7    0  0.000075084 -0.000004233
    7   18    0  0.000075084 -0.000004233
   -7   18    0  0.000075084 -0.000004233
  -18   -7    0  0.000075084 -0.000004233
   -7  -18    0  0.000075084 -0.000004233
   18    7    0  0.000075084 -0.000004233
    7  -18    0  0.000075084 -0.000004233
  -18    7    0  0.000075084 -0.000004233
   16   11    0  0.000072401 -0.000004722
  -16   11    0  0.000072401 -0.000004722
   16  -11    0  0.000072401 -0.000004722
   11   16    0  0.000072401 -0.000004722
  -16  -11    0  0.000072401 -0.000004722
  -11   16    0  0.000072401 -0.000004722
   11  -16    0  0.000072401 -0.000004722
  -11  -16    0  0.000072401 -0.000004722
    4  -19    0  0.000072401 -0.000004722
   -4  -19    0  0.000072401 -0.000004722
   -4   19    0  0.000072401 -0.000004722
   19   -4    0  0.000072401 -0.000004722
   19    4    0  0.000072401 -0.000004722
    4   19    0  0.000072401 -0.000004722
  -19   -4    0  0.000072401 -0.000004722
  -19    4    0  0.000072401 -0.000004722
