    0    0    0  0.000000000  0.003315035
   -1   -1    1  0.041163119  0.049186347
    1    1    1  0.041163119  0.049186347
   -1   -1   -1  0.044629533 -0.046269553
    1    1   -1  0.044629533 -0.046269553
    0    0    2 -0.004449452 -0.000269626
    0    0   -2 -0.004449452 -0.000269626
   -2   -2    0  0.059718177  0.003007347
    2    2    0  0.059718177  0.003007347
    1    1    3  0.025882111 -0.024782580
    1    1   -3  0.022737375  0.027451093
   -1   -1   -3  0.022737375  0.027451093
   -1   -1    3  0.025882111 -0.024782580
   -2   -2   -2 -0.001578012 -0.000234169
    2    2    2 -0.001578012 -0.000234169
    2    2   -2 -0.001578012 -0.000234169
   -2   -2    2 -0.001578012 -0.000234169
    0    0   -4  0.040645476  0.002751485
    0    0    4  0.040645476  0.002751485
   -3   -3   -1  0.019423199 -0.017392623
    3    3    1  0.016548951  0.019848032
   -3   -3    1  0.016548951  0.019848032
    3    3   -1  0.019423199 -0.017392623
   -2   -2   -4  0.031539775  0.002529433
    2    2    4  0.031539775  0.002529433
   -2   -2    4  0.031539775  0.002529433
    2    2   -4  0.031539775  0.002529433
   -1   -1   -5  0.015777134 -0.013563523
    1    1    5  0.013138447  0.015830813
   -1   -1    5  0.013138447  0.015830813
    1    1   -5  0.015777134 -0.013563523
    3    3   -3  0.013138447  0.015830813
   -3   -3   -3  0.013138447  0.015830813
   -3   -3    3  0.015777134 -0.013563523
    3    3    3  0.015777134 -0.013563523
   -4   -4    0  0.025895867  0.002332616
    4    4    0  0.025895867  0.002332616
    0    0    6 -0.000073841 -0.000163023
   -4   -4   -2 -0.000073841 -0.000163023
    4    4   -2 -0.000073841 -0.000163023
    4    4    2 -0.000073841 -0.000163023
    0    0   -6 -0.000073841 -0.000163023
   -4   -4    2 -0.000073841 -0.000163023
   -3   -3    5  0.009216020  0.011327699
    3    3    5  0.009216020  0.011327699
   -3   -3   -5  0.011457918 -0.009380954
    3    3   -5  0.011457918 -0.009380954
   -2   -2   -6 -0.000011915 -0.000145501
   -2   -2    6 -0.000011915 -0.000145501
    2    2    6 -0.000011915 -0.000145501
    2    2   -6 -0.000011915 -0.000145501
    4    4   -4  0.018895979  0.001996362
    4    4    4  0.018895979  0.001996362
   -4   -4    4  0.018895979  0.001996362
   -4   -4   -4  0.018895979  0.001996362
    5    5    1  0.007941057  0.009866427
   -5   -5    1  0.007941057  0.009866427
    5    5   -1  0.010013171 -0.008057882
   -5   -5   -1  0.010013171 -0.008057882
   -1   -1   -7  0.007941057  0.009866427
    1    1    7  0.010013171 -0.008057882
   -1   -1    7  0.010013171 -0.008057882
    1    1   -7  0.007941057  0.009866427
    5    5    3  0.008842354 -0.007011662
   -5   -5    3  0.008842354 -0.007011662
   -5   -5   -3  0.006924630  0.008694080
    5    5   -3  0.006924630  0.008694080
    0    0    8  0.014567161  0.001718607
    0    0   -8  0.014567161  0.001718607
   -3   -3    7  0.007871681 -0.006161568
    3    3    7  0.007871681 -0.006161568
    3    3   -7  0.006094917  0.007728465
   -3   -3   -7  0.006094917  0.007728465
    4    4    6  0.000038920 -0.000103434
    4    4   -6  0.000038920 -0.000103434
   -4   -4   -6  0.000038920 -0.000103434
   -4   -4    6  0.000038920 -0.000103434
   -2   -2    8  0.012953669  0.001597155
    2    2   -8  0.012953669  0.001597155
   -2   -2   -8  0.012953669  0.001597155
    2    2    8  0.012953669  0.001597155
   -6   -6    0  0.012953669  0.001597155
    6    6    0  0.012953669  0.001597155
    5    5   -5  0.007053405 -0.005456952
   -5   -5   -5  0.007053405 -0.005456952
    5    5    5  0.005405745  0.006917727
   -5   -5    5  0.005405745  0.006917727
   -6   -6   -2  0.000042593 -0.000092084
    6    6    2  0.000042593 -0.000092084
    6    6   -2  0.000042593 -0.000092084
   -6   -6    2  0.000042593 -0.000092084
    1    1    9  0.004825564  0.006226962
    1    1   -9  0.006354665 -0.004863920
   -1   -1   -9  0.006354665 -0.004863920
   -1   -1    9  0.004825564  0.006226962
    6    6   -4  0.010429925  0.001382847
   -6   -6   -4  0.010429925  0.001382847
    6    6    4  0.010429925  0.001382847
   -6   -6    4  0.010429925  0.001382847
   -4   -4   -8  0.009427207  0.001288056
   -4   -4    8  0.009427207  0.001288056
    4    4   -8  0.009427207  0.001288056
    4    4    8  0.009427207  0.001288056
   -5   -5   -7  0.003907794  0.005113408
    5    5   -7  0.003907794  0.005113408
   -5   -5    7  0.005227180 -0.003923998
    5    5    7  0.005227180 -0.003923998
    7    7    1  0.003907794  0.005113408
   -7   -7    1  0.003907794  0.005113408
    3    3    9  0.003907794  0.005113408
   -3   -3   -9  0.005227180 -0.003923998
    7    7   -1  0.005227180 -0.003923998
    3    3   -9  0.005227180 -0.003923998
   -3   -3    9  0.003907794  0.005113408
   -7   -7   -1  0.005227180 -0.003923998
    0    0   10  0.000049062 -0.000063970
    0    0  -10  0.000049062 -0.000063970
    7    7   -3  0.003540832  0.004658994
    7    7    3  0.004767304 -0.003546868
   -7   -7    3  0.004767304 -0.003546868
   -7   -7   -3  0.003540832  0.004658994
   -2   -2  -10  0.000051451 -0.000056247
   -2   -2   10  0.000051451 -0.000056247
    2    2   10  0.000051451 -0.000056247
    2    2  -10  0.000051451 -0.000056247
    6    6    6  0.000051451 -0.000056247
   -6   -6    6  0.000051451 -0.000056247
    6    6   -6  0.000051451 -0.000056247
   -6   -6   -6  0.000051451 -0.000056247
   -7   -7    5  0.002940801  0.003901570
   -7   -7   -5  0.004001760 -0.002927783
    1    1   11  0.004001760 -0.002927783
    1    1  -11  0.002940801  0.003901570
   -1   -1   11  0.004001760 -0.002927783
    7    7   -5  0.004001760 -0.002927783
    7    7    5  0.002940801  0.003901570
   -1   -1  -11  0.002940801  0.003901570
    8    8    0  0.006521452  0.000974362
   -8   -8    0  0.006521452  0.000974362
    5    5   -9  0.003680945 -0.002671897
    5    5    9  0.002693766  0.003583692
   -5   -5   -9  0.003680945 -0.002671897
   -5   -5    9  0.002693766  0.003583692
   -4   -4  -10  0.000059934 -0.000036994
    4    4  -10  0.000059934 -0.000036994
    4    4   10  0.000059934 -0.000036994
   -4   -4   10  0.000059934 -0.000036994
   -8   -8   -2  0.000059934 -0.000036994
    8    8   -2  0.000059934 -0.000036994
    8    8    2  0.000059934 -0.000036994
   -8   -8    2  0.000059934 -0.000036994
    6    6    8  0.005990329  0.000909511
    6    6   -8  0.005990329  0.000909511
   -6   -6    8  0.005990329  0.000909511
   -6   -6   -8  0.005990329  0.000909511
    3    3  -11  0.002474959  0.003298799
    3    3   11  0.003393667 -0.002444749
   -3   -3   11  0.003393667 -0.002444749
   -3   -3  -11  0.002474959  0.003298799
    8    8   -4  0.005515407  0.000849184
    0    0  -12  0.005515407  0.000849184
    8    8    4  0.005515407  0.000849184
    0    0   12  0.005515407  0.000849184
   -8   -8    4  0.005515407  0.000849184
   -8   -8   -4  0.005515407  0.000849184
   -7   -7   -7  0.002280278  0.003042478
    7    7    7  0.003135379 -0.002242276
   -7   -7    7  0.003135379 -0.002242276
    7    7   -7  0.002280278  0.003042478
    2    2  -12  0.005089085  0.000793014
    2    2   12  0.005089085  0.000793014
   -2   -2   12  0.005089085  0.000793014
   -2   -2  -12  0.005089085  0.000793014
    9    9    1  0.001950326  0.002601486
   -9   -9   -1  0.002691272 -0.001898511
    9    9   -1  0.002691272 -0.001898511
   -9   -9    1  0.001950326  0.002601486
   -8   -8   -6  0.000071107 -0.000018509
   -8   -8    6  0.000071107 -0.000018509
    8    8    6  0.000071107 -0.000018509
    8    8   -6  0.000071107 -0.000018509
    5    5  -11  0.001809894  0.002411141
   -5   -5  -11  0.001809894  0.002411141
   -5   -5   11  0.002499612 -0.001752081
   -1   -1   13  0.001809894  0.002411141
    1    1  -13  0.002499612 -0.001752081
    5    5   11  0.002499612 -0.001752081
   -1   -1  -13  0.002499612 -0.001752081
    1    1   13  0.001809894  0.002411141
    9    9    3  0.002499612 -0.001752081
    9    9   -3  0.001809894  0.002411141
   -9   -9   -3  0.001809894  0.002411141
   -9   -9    3  0.002499612 -0.001752081
    6    6  -10  0.000073416 -0.000014897
   -6   -6  -10  0.000073416 -0.000014897
    6    6   10  0.000073416 -0.000014897
   -6   -6   10  0.000073416 -0.000014897
    4    4   12  0.004043306  0.000646276
   -4   -4  -12  0.004043306  0.000646276
    4    4  -12  0.004043306  0.000646276
   -4   -4   12  0.004043306  0.000646276
    7    7   -9  0.002325051 -0.001619856
    7    7    9  0.001683060  0.002237816
   -7   -7   -9  0.002325051 -0.001619856
   -7   -7    9  0.001683060  0.002237816
    3    3   13  0.001568149  0.002079614
   -3   -3   13  0.001568149  0.002079614
   -3   -3  -13  0.002165647 -0.001500144
    3    3  -13  0.002165647 -0.001500144
   -9   -9    5  0.001568149  0.002079614
    9    9   -5  0.002165647 -0.001500144
    9    9    5  0.001568149  0.002079614
   -9   -9   -5  0.002165647 -0.001500144
   -8   -8    8  0.003496709  0.000563938
   -8   -8   -8  0.003496709  0.000563938
    8    8   -8  0.003496709  0.000563938
    8    8    8  0.003496709  0.000563938
    0    0   14  0.000078706 -0.000005982
    0    0  -14  0.000078706 -0.000005982
   10   10    0  0.003258658  0.000526743
  -10  -10    0  0.003258658  0.000526743
   10   10    2  0.000079906 -0.000003565
   10   10   -2  0.000079906 -0.000003565
  -10  -10   -2  0.000079906 -0.000003565
  -10  -10    2  0.000079906 -0.000003565
    2    2  -14  0.000079906 -0.000003565
   -2   -2   14  0.000079906 -0.000003565
    2    2   14  0.000079906 -0.000003565
   -2   -2  -14  0.000079906 -0.000003565
   -9   -9    7  0.001762809 -0.001202602
    9    9    7  0.001762809 -0.001202602
   -9   -9   -7  0.001281687  0.001680427
    9    9   -7  0.001281687  0.001680427
  -10  -10   -4  0.002840825  0.000459365
   10   10   -4  0.002840825  0.000459365
  -10  -10    4  0.002840825  0.000459365
   10   10    4  0.002840825  0.000459365
    6    6   12  0.002840825  0.000459365
    6    6  -12  0.002840825  0.000459365
   -6   -6  -12  0.002840825  0.000459365
   -6   -6   12  0.002840825  0.000459365
    5    5  -13  0.001649455 -0.001120331
   -5   -5   13  0.001202099  0.001568355
    5    5   13  0.001202099  0.001568355
   -5   -5  -13  0.001649455 -0.001120331
    7    7   11  0.001649455 -0.001120331
    7    7  -11  0.001202099  0.001568355
   -7   -7   11  0.001649455 -0.001120331
   -7   -7  -11  0.001202099  0.001568355
    1    1   15  0.001544857 -0.001045049
    1    1  -15  0.001129049  0.001465080
   -1   -1  -15  0.001129049  0.001465080
   -1   -1   15  0.001544857 -0.001045049
   -8   -8  -10  0.000081929  0.000002320
   -4   -4  -14  0.000081929  0.000002320
    4    4  -14  0.000081929  0.000002320
   -4   -4   14  0.000081929  0.000002320
    8    8   10  0.000081929  0.000002320
    4    4   14  0.000081929  0.000002320
    8    8  -10  0.000081929  0.000002320
   -8   -8   10  0.000081929  0.000002320
  -10  -10   -6  0.000082126  0.000003887
  -10  -10    6  0.000082126  0.000003887
   10   10   -6  0.000082126  0.000003887
   10   10    6  0.000082126  0.000003887
   -3   -3   15  0.001358675 -0.000912674
    3    3   15  0.001358675 -0.000912674
    3    3  -15  0.000999917  0.001281669
   -3   -3  -15  0.000999917  0.001281669
   -9   -9    9  0.000999917  0.001281669
    9    9   -9  0.001358675 -0.000912674
  -11  -11   -1  0.001358675 -0.000912674
   11   11   -1  0.001358675 -0.000912674
   -9   -9   -9  0.001358675 -0.000912674
    9    9    9  0.000999917  0.001281669
  -11  -11    1  0.000999917  0.001281669
   11   11    1  0.000999917  0.001281669
   11   11   -3  0.000942715  0.001200131
  -11  -11    3  0.001275697 -0.000854397
  -11  -11   -3  0.000942715  0.001200131
   11   11    3  0.001275697 -0.000854397
    0    0   16  0.002054313  0.000324812
    0    0  -16  0.002054313  0.000324812
  -10  -10    8  0.001930723  0.000302713
   10   10    8  0.001930723  0.000302713
  -10  -10   -8  0.001930723  0.000302713
   10   10   -8  0.001930723  0.000302713
   -2   -2   16  0.001930723  0.000302713
    2    2  -16  0.001930723  0.000302713
    2    2   16  0.001930723  0.000302713
   -2   -2  -16  0.001930723  0.000302713
  -11  -11    5  0.000840736  0.001054454
   -7   -7  -13  0.001127048 -0.000751203
   11   11   -5  0.001127048 -0.000751203
    7    7   13  0.000840736  0.001054454
   -7   -7   13  0.000840736  0.001054454
   11   11    5  0.000840736  0.001054454
    7    7  -13  0.001127048 -0.000751203
  -11  -11   -5  0.001127048 -0.000751203
   -6   -6   14  0.000080988  0.000008583
    6    6   14  0.000080988  0.000008583
   -6   -6  -14  0.000080988  0.000008583
    6    6  -14  0.000080988  0.000008583
   -8   -8  -12  0.001816052  0.000281976
   -8   -8   12  0.001816052  0.000281976
    8    8   12  0.001816052  0.000281976
    8    8  -12  0.001816052  0.000281976
    5    5   15  0.001060398 -0.000705463
   -5   -5   15  0.001060398 -0.000705463
   -5   -5  -15  0.000795193  0.000989322
    5    5  -15  0.000795193  0.000989322
   -9   -9  -11  0.000752843  0.000928752
    9    9  -11  0.000752843  0.000928752
   -9   -9   11  0.000998294 -0.000663155
    9    9   11  0.000998294 -0.000663155
   -4   -4  -16  0.001610424  0.000244239
    4    4   16  0.001610424  0.000244239
  -12  -12    0  0.001610424  0.000244239
    4    4  -16  0.001610424  0.000244239
   12   12    0  0.001610424  0.000244239
   -4   -4   16  0.001610424  0.000244239
    1    1   17  0.000713402  0.000872365
   -1   -1   17  0.000713402  0.000872365
   -1   -1  -17  0.000940364 -0.000623971
    1    1  -17  0.000940364 -0.000623971
   11   11    7  0.000940364 -0.000623971
  -11  -11   -7  0.000713402  0.000872365
  -11  -11    7  0.000940364 -0.000623971
   11   11   -7  0.000713402  0.000872365
   12   12   -2  0.000078596  0.000010790
   12   12    2  0.000078596  0.000010790
  -12  -12    2  0.000078596  0.000010790
  -12  -12   -2  0.000078596  0.000010790
   10   10   10  0.000077587  0.000011328
  -10  -10  -10  0.000077587  0.000011328
  -10  -10   10  0.000077587  0.000011328
   10   10  -10  0.000077587  0.000011328
  -12  -12   -4  0.001432105  0.000210968
   12   12    4  0.001432105  0.000210968
   12   12   -4  0.001432105  0.000210968
  -12  -12    4  0.001432105  0.000210968
    3    3  -17  0.000835718 -0.000553900
    3    3   17  0.000642265  0.000770811
   -3   -3   17  0.000642265  0.000770811
   -3   -3  -17  0.000835718 -0.000553900
   -7   -7   15  0.000744143 -0.000493367
    7    7  -15  0.000580059  0.000682310
    7    7   15  0.000744143 -0.000493367
   -7   -7  -15  0.000580059  0.000682310
  -11  -11   -9  0.000744143 -0.000493367
   11   11   -9  0.000744143 -0.000493367
  -11  -11    9  0.000580059  0.000682310
   11   11    9  0.000580059  0.000682310
   12   12   -6  0.000074107  0.000012464
  -12  -12    6  0.000074107  0.000012464
  -12  -12   -6  0.000074107  0.000012464
   12   12    6  0.000074107  0.000012464
    0    0   18  0.000074107  0.000012464
    0    0  -18  0.000074107  0.000012464
   -8   -8   14  0.000074107  0.000012464
   -8   -8  -14  0.000074107  0.000012464
    8    8  -14  0.000074107  0.000012464
    8    8   14  0.000074107  0.000012464
   -6   -6   16  0.001206645  0.000168266
    6    6   16  0.001206645  0.000168266
   -6   -6  -16  0.001206645  0.000168266
    6    6  -16  0.001206645  0.000168266
    9    9   13  0.000551859  0.000642335
    9    9  -13  0.000702650 -0.000466188
   -9   -9  -13  0.000702650 -0.000466188
   -9   -9   13  0.000551859  0.000642335
    2    2  -18  0.000072831  0.000012705
   -2   -2  -18  0.000072831  0.000012705
    2    2   18  0.000072831  0.000012705
   -2   -2   18  0.000072831  0.000012705
   13   13   -1  0.000663738 -0.000440845
   13   13    1  0.000525393  0.000604927
  -13  -13    1  0.000525393  0.000604927
  -13  -13   -1  0.000663738 -0.000440845
    5    5   17  0.000525393  0.000604927
    5    5  -17  0.000663738 -0.000440845
   -5   -5   17  0.000525393  0.000604927
   -5   -5  -17  0.000663738 -0.000440845
   10   10   12  0.001079476  0.000143934
  -10  -10  -12  0.001079476  0.000143934
   10   10  -12  0.001079476  0.000143934
  -10  -10   12  0.001079476  0.000143934
   13   13   -3  0.000500525  0.000569894
   13   13    3  0.000627221 -0.000417189
  -13  -13   -3  0.000500525  0.000569894
  -13  -13    3  0.000627221 -0.000417189
   12   12    8  0.001021803  0.000132861
   12   12   -8  0.001021803  0.000132861
  -12  -12    8  0.001021803  0.000132861
  -12  -12   -8  0.001021803  0.000132861
    4    4   18  0.000068781  0.000013099
   -4   -4   18  0.000068781  0.000013099
   -4   -4  -18  0.000068781  0.000013099
    4    4  -18  0.000068781  0.000013099
   -1   -1   19  0.000560698 -0.000374420
   -1   -1  -19  0.000455111  0.000506275
    1    1  -19  0.000455111  0.000506275
    1    1   19  0.000560698 -0.000374420
   13   13    5  0.000455111  0.000506275
  -13  -13    5  0.000455111  0.000506275
   13   13   -5  0.000560698 -0.000374420
  -13  -13   -5  0.000560698 -0.000374420
  -11  -11  -11  0.000455111  0.000506275
   11   11  -11  0.000455111  0.000506275
  -11  -11   11  0.000560698 -0.000374420
   11   11   11  0.000560698 -0.000374420
    3    3  -19  0.000414775  0.000450260
    3    3   19  0.000501878 -0.000336951
   -3   -3   19  0.000501878 -0.000336951
   -3   -3  -19  0.000414775  0.000450260
   -8   -8  -16  0.000824180  0.000094880
    8    8  -16  0.000824180  0.000094880
    8    8   16  0.000824180  0.000094880
   -8   -8   16  0.000824180  0.000094880
  -13  -13   -7  0.000396286  0.000424778
   -7   -7   17  0.000396286  0.000424778
    7    7  -17  0.000475033 -0.000319958
   13   13   -7  0.000396286  0.000424778
    9    9   15  0.000475033 -0.000319958
   -9   -9  -15  0.000396286  0.000424778
  -13  -13    7  0.000475033 -0.000319958
   -7   -7  -17  0.000475033 -0.000319958
    7    7   17  0.000396286  0.000424778
   -9   -9   15  0.000475033 -0.000319958
   13   13    7  0.000475033 -0.000319958
    9    9  -15  0.000396286  0.000424778
  -12  -12  -10  0.000063113  0.000013026
  -12  -12   10  0.000063113  0.000013026
   12   12  -10  0.000063113  0.000013026
   12   12   10  0.000063113  0.000013026
  -14  -14    0  0.000781906  0.000086780
   14   14    0  0.000781906  0.000086780
  -10  -10  -14  0.000061683  0.000012927
   10   10  -14  0.000061683  0.000012927
   10   10   14  0.000061683  0.000012927
  -10  -10   14  0.000061683  0.000012927
  -14  -14    2  0.000061683  0.000012927
    6    6  -18  0.000061683  0.000012927
   14   14    2  0.000061683  0.000012927
   -6   -6   18  0.000061683  0.000012927
   -6   -6  -18  0.000061683  0.000012927
    6    6   18  0.000061683  0.000012927
   14   14   -2  0.000061683  0.000012927
  -14  -14   -2  0.000061683  0.000012927
    0    0  -20  0.000742097  0.000079174
    0    0   20  0.000742097  0.000079174
    2    2  -20  0.000704583  0.000072032
   -2   -2  -20  0.000704583  0.000072032
   -2   -2   20  0.000704583  0.000072032
    2    2   20  0.000704583  0.000072032
   14   14    4  0.000704583  0.000072032
  -14  -14    4  0.000704583  0.000072032
   14   14   -4  0.000704583  0.000072032
  -14  -14   -4  0.000704583  0.000072032
    5    5  -19  0.000346647  0.000357102
    5    5   19  0.000403441 -0.000274961
   -5   -5  -19  0.000346647  0.000357102
   -5   -5   19  0.000403441 -0.000274961
  -11  -11  -13  0.000403441 -0.000274961
  -11  -11   13  0.000346647  0.000357102
   11   11  -13  0.000403441 -0.000274961
   11   11   13  0.000346647  0.000357102
   13   13    9  0.000331829  0.000337150
  -13  -13    9  0.000331829  0.000337150
   13   13   -9  0.000382242 -0.000261721
  -13  -13   -9  0.000382242 -0.000261721
   14   14   -6  0.000056024  0.000012299
  -14  -14   -6  0.000056024  0.000012299
   14   14    6  0.000056024  0.000012299
  -14  -14    6  0.000056024  0.000012299
    4    4   20  0.000604341  0.000053130
   -4   -4   20  0.000604341  0.000053130
    4    4  -20  0.000604341  0.000053130
   -4   -4  -20  0.000604341  0.000053130
   12   12  -12  0.000604341  0.000053130
  -12  -12  -12  0.000604341  0.000053130
  -12  -12   12  0.000604341  0.000053130
   12   12   12  0.000604341  0.000053130
  -15  -15    1  0.000279781  0.000268232
  -15  -15   -1  0.000308634 -0.000216020
   15   15    1  0.000279781  0.000268232
   15   15   -1  0.000308634 -0.000216020
   -9   -9  -17  0.000308634 -0.000216020
    9    9  -17  0.000308634 -0.000216020
    9    9   17  0.000279781  0.000268232
   -9   -9   17  0.000279781  0.000268232
    8    8  -18  0.000051913  0.000011650
   -8   -8   18  0.000051913  0.000011650
   -8   -8  -18  0.000051913  0.000011650
    8    8   18  0.000051913  0.000011650
   10   10   16  0.000519896  0.000037525
  -14  -14   -8  0.000519896  0.000037525
