    0    0    0  0.000000000  0.002905086
    0    1    0  0.001160944  0.000287307
    1    0    0  0.001160944  0.000287307
   -1    0    0  0.001160944  0.000287307
    0   -1    0  0.001160944  0.000287307
    1    1    0  0.056016233  0.002171884
   -1   -1    0  0.056016233  0.002171884
    1   -1    0  0.056016233  0.002171884
   -1    1    0  0.056016233  0.002171884
   -2    0    0  0.071810226  0.002631492
    0    2    0  0.071810226  0.002631492
    2    0    0  0.071810226  0.002631492
    0   -2    0  0.071810226  0.002631492
    1    2    0  0.000283958  0.000391073
   -1    2    0  0.000283958  0.000391073
   -2   -1    0  0.000283958  0.000391073
    2   -1    0  0.000283958  0.000391073
   -1   -2    0  0.000283958  0.000391073
    2    1    0  0.000283958  0.000391073
    1   -2    0  0.000283958  0.000391073
   -2    1    0  0.000283958  0.000391073
   -2   -2    0  0.046886165  0.002315313
    2    2    0  0.046886165  0.002315313
   -2    2    0  0.046886165  0.002315313
    2   -2    0  0.046886165  0.002315313
    0    3    0  0.000903366  0.000431209
    3    0    0  0.000903366  0.000431209
    0   -3    0  0.000903366  0.000431209
   -3    0    0  0.000903366  0.000431209
    1   -3    0  0.021463246  0.001733857
    1    3    0  0.021463246  0.001733857
   -1   -3    0  0.021463246  0.001733857
    3    1    0  0.021463246  0.001733857
   -1    3    0  0.021463246  0.001733857
   -3   -1    0  0.021463246  0.001733857
    3   -1    0  0.021463246  0.001733857
   -3    1    0  0.021463246  0.001733857
    3    2    0  0.001403389  0.000444571
    2    3    0  0.001403389  0.000444571
    2   -3    0  0.001403389  0.000444571
   -3    2    0  0.001403389  0.000444571
   -2   -3    0  0.001403389  0.000444571
   -2    3    0  0.001403389  0.000444571
    3   -2    0  0.001403389  0.000444571
   -3   -2    0  0.001403389  0.000444571
   -4    0    0  0.026472088  0.001843346
    0    4    0  0.026472088  0.001843346
    0   -4    0  0.026472088  0.001843346
    4    0    0  0.026472088  0.001843346
    1   -4    0  0.001759202  0.000466898
    4    1    0  0.001759202  0.000466898
    4   -1    0  0.001759202  0.000466898
    1    4    0  0.001759202  0.000466898
   -1    4    0  0.001759202  0.000466898
   -1   -4    0  0.001759202  0.000466898
   -4   -1    0  0.001759202  0.000466898
   -4    1    0  0.001759202  0.000466898
   -3    3    0  0.013511502  0.001432147
    3   -3    0  0.013511502  0.001432147
   -3   -3    0  0.013511502  0.001432147
    3    3    0  0.013511502  0.001432147
    4   -2    0  0.021270278  0.001660669
   -4    2    0  0.021270278  0.001660669
    4    2    0  0.021270278  0.001660669
   -2   -4    0  0.021270278  0.001660669
    2   -4    0  0.021270278  0.001660669
    2    4    0  0.021270278  0.001660669
   -2    4    0  0.021270278  0.001660669
   -4   -2    0  0.021270278  0.001660669
   -4    3    0  0.002126596  0.000487463
    4   -3    0  0.002126596  0.000487463
    0   -5    0  0.002126596  0.000487463
   -3   -4    0  0.002126596  0.000487463
    4    3    0  0.002126596  0.000487463
   -5    0    0  0.002126596  0.000487463
    3    4    0  0.002126596  0.000487463
   -3    4    0  0.002126596  0.000487463
    0    5    0  0.002126596  0.000487463
   -4   -3    0  0.002126596  0.000487463
    5    0    0  0.002126596  0.000487463
    3   -4    0  0.002126596  0.000487463
   -1    5    0  0.009689011  0.001204552
   -1   -5    0  0.009689011  0.001204552
    5   -1    0  0.009689011  0.001204552
    1    5    0  0.009689011  0.001204552
    5    1    0  0.009689011  0.001204552
   -5   -1    0  0.009689011  0.001204552
   -5    1    0  0.009689011  0.001204552
    1   -5    0  0.009689011  0.001204552
    5   -2    0  0.002196120  0.000489271
    5    2    0  0.002196120  0.000489271
   -2   -5    0  0.002196120  0.000489271
   -5    2    0  0.002196120  0.000489271
    2   -5    0  0.002196120  0.000489271
   -2    5    0  0.002196120  0.000489271
    2    5    0  0.002196120  0.000489271
   -5   -2    0  0.002196120  0.000489271
    4    4    0  0.012632761  0.001245991
   -4   -4    0  0.012632761  0.001245991
    4   -4    0  0.012632761  0.001245991
   -4    4    0  0.012632761  0.001245991
   -5   -3    0  0.007414783  0.001025338
    5   -3    0  0.007414783  0.001025338
    3   -5    0  0.007414783  0.001025338
   -3    5    0  0.007414783  0.001025338
    3    5    0  0.007414783  0.001025338
   -3   -5    0  0.007414783  0.001025338
   -5    3    0  0.007414783  0.001025338
    5    3    0  0.007414783  0.001025338
    0    6    0  0.010934826  0.001139650
   -6    0    0  0.010934826  0.001139650
    0   -6    0  0.010934826  0.001139650
    6    0    0  0.010934826  0.001139650
   -6    1    0  0.002207464  0.000481854
   -1    6    0  0.002207464  0.000481854
    6    1    0  0.002207464  0.000481854
    1   -6    0  0.002207464  0.000481854
   -1   -6    0  0.002207464  0.000481854
   -6   -1    0  0.002207464  0.000481854
    1    6    0  0.002207464  0.000481854
    6   -1    0  0.002207464  0.000481854
    2   -6    0  0.009561387  0.001045066
   -2   -6    0  0.009561387  0.001045066
   -6    2    0  0.009561387  0.001045066
    6    2    0  0.009561387  0.001045066
    6   -2    0  0.009561387  0.001045066
   -6   -2    0  0.009561387  0.001045066
   -2    6    0  0.009561387  0.001045066
    2    6    0  0.009561387  0.001045066
   -4   -5    0  0.002173848  0.000474232
    5    4    0  0.002173848  0.000474232
   -5   -4    0  0.002173848  0.000474232
   -5    4    0  0.002173848  0.000474232
    4   -5    0  0.002173848  0.000474232
    4    5    0  0.002173848  0.000474232
   -4    5    0  0.002173848  0.000474232
    5   -4    0  0.002173848  0.000474232
    3    6    0  0.002124747  0.000464789
   -3   -6    0  0.002124747  0.000464789
    3   -6    0  0.002124747  0.000464789
    6   -3    0  0.002124747  0.000464789
    6    3    0  0.002124747  0.000464789
   -3    6    0  0.002124747  0.000464789
   -6   -3    0  0.002124747  0.000464789
   -6    3    0  0.002124747  0.000464789
   -7    0    0  0.002065381  0.000453965
    0   -7    0  0.002065381  0.000453965
    0    7    0  0.002065381  0.000453965
    7    0    0  0.002065381  0.000453965
    5    5    0  0.004828249  0.000760829
    5   -5    0  0.004828249  0.000760829
   -5    5    0  0.004828249  0.000760829
   -5   -5    0  0.004828249  0.000760829
   -7    1    0  0.004828249  0.000760829
   -1    7    0  0.004828249  0.000760829
   -7   -1    0  0.004828249  0.000760829
    7    1    0  0.004828249  0.000760829
   -1   -7    0  0.004828249  0.000760829
    1    7    0  0.004828249  0.000760829
    1   -7    0  0.004828249  0.000760829
    7   -1    0  0.004828249  0.000760829
    6    4    0  0.006691004  0.000816076
   -4    6    0  0.006691004  0.000816076
   -4   -6    0  0.006691004  0.000816076
    6   -4    0  0.006691004  0.000816076
   -6   -4    0  0.006691004  0.000816076
    4   -6    0  0.006691004  0.000816076
   -6    4    0  0.006691004  0.000816076
    4    6    0  0.006691004  0.000816076
   -7    2    0  0.001999494  0.000442111
    7    2    0  0.001999494  0.000442111
   -2    7    0  0.001999494  0.000442111
    7   -2    0  0.001999494  0.000442111
   -7   -2    0  0.001999494  0.000442111
    2    7    0  0.001999494  0.000442111
   -2   -7    0  0.001999494  0.000442111
    2   -7    0  0.001999494  0.000442111
    3   -7    0  0.004024385  0.000660886
   -3    7    0  0.004024385  0.000660886
   -3   -7    0  0.004024385  0.000660886
    3    7    0  0.004024385  0.000660886
    7    3    0  0.004024385  0.000660886
   -7    3    0  0.004024385  0.000660886
   -7   -3    0  0.004024385  0.000660886
    7   -3    0  0.004024385  0.000660886
   -5    6    0  0.001858162  0.000416385
    5   -6    0  0.001858162  0.000416385
   -6    5    0  0.001858162  0.000416385
    6    5    0  0.001858162  0.000416385
   -5   -6    0  0.001858162  0.000416385
    6   -5    0  0.001858162  0.000416385
    5    6    0  0.001858162  0.000416385
   -6   -5    0  0.001858162  0.000416385
   -8    0    0  0.004915801  0.000646659
    0    8    0  0.004915801  0.000646659
    8    0    0  0.004915801  0.000646659
    0   -8    0  0.004915801  0.000646659
   -8   -1    0  0.001786033  0.000402923
    7   -4    0  0.001786033  0.000402923
    7    4    0  0.001786033  0.000402923
   -1   -8    0  0.001786033  0.000402923
    8    1    0  0.001786033  0.000402923
    4    7    0  0.001786033  0.000402923
   -4    7    0  0.001786033  0.000402923
    4   -7    0  0.001786033  0.000402923
    1   -8    0  0.001786033  0.000402923
    8   -1    0  0.001786033  0.000402923
    1    8    0  0.001786033  0.000402923
   -7   -4    0  0.001786033  0.000402923
   -8    1    0  0.001786033  0.000402923
   -7    4    0  0.001786033  0.000402923
