    0    0    0  0.000000000  0.002999531
   -1   -1    1  0.041461889  0.049409297
    1    1    1  0.041461889  0.049409297
   -1   -1   -1  0.044307626 -0.046458640
    1    1   -1  0.044307626 -0.046458640
    0    0    2 -0.004711242  0.000049940
    0    0   -2 -0.004711242  0.000049940
   -2   -2    0  0.060058321  0.002746481
    2    2    0  0.060058321  0.002746481
    1    1    3  0.025600761 -0.025184347
    1    1   -3  0.022970665  0.027880810
   -1   -1   -3  0.022970665  0.027880810
   -1   -1    3  0.025600761 -0.025184347
   -2   -2   -2 -0.002034169  0.000030901
    2    2    2 -0.002034169  0.000030901
    2    2   -2 -0.002034169  0.000030901
   -2   -2    2 -0.002034169  0.000030901
    0    0   -4  0.041099980  0.002534725
    0    0    4  0.041099980  0.002534725
   -3   -3   -1  0.019178863 -0.017896052
    3    3    1  0.016731891  0.020374477
   -3   -3    1  0.016731891  0.020374477
    3    3   -1  0.019178863 -0.017896052
   -2   -2   -4  0.032065047  0.002349832
    2    2    4  0.032065047  0.002349832
   -2   -2    4  0.032065047  0.002349832
    2    2   -4  0.032065047  0.002349832
   -1   -1   -5  0.015565617 -0.014135050
    1    1    5  0.013279855  0.016421134
   -1   -1    5  0.013279855  0.016421134
    1    1   -5  0.015565617 -0.014135050
    3    3   -3  0.013279855  0.016421134
   -3   -3   -3  0.013279855  0.016421134
   -3   -3    3  0.015565617 -0.014135050
    3    3    3  0.015565617 -0.014135050
   -4   -4    0  0.026470629  0.002185009
    4    4    0  0.026470629  0.002185009
    0    0    6 -0.000744063 -0.000015107
   -4   -4   -2 -0.000744063 -0.000015107
    4    4   -2 -0.000744063 -0.000015107
    4    4    2 -0.000744063 -0.000015107
    0    0   -6 -0.000744063 -0.000015107
   -4   -4    2 -0.000744063 -0.000015107
   -3   -3    5  0.009292287  0.011993063
    3    3    5  0.009292287  0.011993063
   -3   -3   -5  0.011301879 -0.010034368
    3    3   -5  0.011301879 -0.010034368
   -2   -2   -6 -0.000714581 -0.000026824
   -2   -2    6 -0.000714581 -0.000026824
    2    2    6 -0.000714581 -0.000026824
    2    2   -6 -0.000714581 -0.000026824
    4    4   -4  0.019529161  0.001901112
    4    4    4  0.019529161  0.001901112
   -4   -4    4  0.019529161  0.001901112
   -4   -4   -4  0.019529161  0.001901112
    5    5    1  0.007991412  0.010551865
   -5   -5    1  0.007991412  0.010551865
    5    5   -1  0.009880680 -0.008734160
   -5   -5   -1  0.009880680 -0.008734160
   -1   -1   -7  0.007991412  0.010551865
    1    1    7  0.009880680 -0.008734160
   -1   -1    7  0.009880680 -0.008734160
    1    1   -7  0.007991412  0.010551865
    5    5    3  0.008731043 -0.007702501
   -5   -5    3  0.008731043 -0.007702501
   -5   -5   -3  0.006952525  0.009391630
    5    5   -3  0.006952525  0.009391630
    0    0    8  0.015224518  0.001664005
    0    0   -8  0.015224518  0.001664005
   -3   -3    7  0.007779435 -0.006860551
    3    3    7  0.007779435 -0.006860551
    3    3   -7  0.006103284  0.008432008
   -3   -3   -7  0.006103284  0.008432008
    4    4    6 -0.000704805 -0.000053222
    4    4   -6 -0.000704805 -0.000053222
   -4   -4   -6 -0.000704805 -0.000053222
   -4   -4    6 -0.000704805 -0.000053222
   -2   -2    8  0.013614875  0.001559443
    2    2   -8  0.013614875  0.001559443
   -2   -2   -8  0.013614875  0.001559443
    2    2    8  0.013614875  0.001559443
   -6   -6    0  0.013614875  0.001559443
    6    6    0  0.013614875  0.001559443
    5    5   -5  0.006978318 -0.006159069
   -5   -5   -5  0.006978318 -0.006159069
    5    5    5  0.005397101  0.007622513
   -5   -5    5  0.005397101  0.007622513
   -6   -6   -2 -0.000702683 -0.000059633
    6    6    2 -0.000702683 -0.000059633
    6    6   -2 -0.000702683 -0.000059633
   -6   -6    2 -0.000702683 -0.000059633
    1    1    9  0.004802087  0.006929282
    1    1   -9  0.006295022 -0.005565236
   -1   -1   -9  0.006295022 -0.005565236
   -1   -1    9  0.004802087  0.006929282
    6    6   -4  0.011087873  0.001373368
   -6   -6   -4  0.011087873  0.001373368
    6    6    4  0.011087873  0.001373368
   -6   -6    4  0.011087873  0.001373368
   -4   -4   -8  0.010079533  0.001290334
   -4   -4    8  0.010079533  0.001290334
    4    4   -8  0.010079533  0.001290334
    4    4    8  0.010079533  0.001290334
   -5   -5   -7  0.003860118  0.005802707
    5    5   -7  0.003860118  0.005802707
   -5   -5    7  0.005193907 -0.004615039
    5    5    7  0.005193907 -0.004615039
    7    7    1  0.003860118  0.005802707
   -7   -7    1  0.003860118  0.005802707
    3    3    9  0.003860118  0.005802707
   -3   -3   -9  0.005193907 -0.004615039
    7    7   -1  0.005193907 -0.004615039
    3    3   -9  0.005193907 -0.004615039
   -3   -3    9  0.003860118  0.005802707
   -7   -7   -1  0.005193907 -0.004615039
    0    0   10 -0.000680483 -0.000073502
    0    0  -10 -0.000680483 -0.000073502
    7    7   -3  0.003483357  0.005338864
    7    7    3  0.004745237 -0.004229606
   -7   -7    3  0.004745237 -0.004229606
   -7   -7   -3  0.003483357  0.005338864
   -2   -2  -10 -0.000668312 -0.000076673
   -2   -2   10 -0.000668312 -0.000076673
    2    2   10 -0.000668312 -0.000076673
    2    2  -10 -0.000668312 -0.000076673
    6    6    6 -0.000668312 -0.000076673
   -6   -6    6 -0.000668312 -0.000076673
    6    6   -6 -0.000668312 -0.000076673
   -6   -6   -6 -0.000668312 -0.000076673
   -7   -7    5  0.002867476  0.004558758
   -7   -7   -5  0.003998732 -0.003589681
    1    1   11  0.003998732 -0.003589681
    1    1  -11  0.002867476  0.004558758
   -1   -1   11  0.003998732 -0.003589681
    7    7   -5  0.003998732 -0.003589681
    7    7    5  0.002867476  0.004558758
   -1   -1  -11  0.002867476  0.004558758
    8    8    0  0.007135749  0.001011515
   -8   -8    0  0.007135749  0.001011515
    5    5   -9  0.003685955 -0.003321868
    5    5    9  0.002614115  0.004228208
   -5   -5   -9  0.003685955 -0.003321868
   -5   -5    9  0.002614115  0.004228208
   -4   -4  -10 -0.000622935 -0.000082927
    4    4  -10 -0.000622935 -0.000082927
    4    4   10 -0.000622935 -0.000082927
   -4   -4   10 -0.000622935 -0.000082927
   -8   -8   -2 -0.000622935 -0.000082927
    8    8   -2 -0.000622935 -0.000082927
    8    8    2 -0.000622935 -0.000082927
   -8   -8    2 -0.000622935 -0.000082927
    6    6    8  0.006592775  0.000952936
    6    6   -8  0.006592775  0.000952936
   -6   -6    8  0.006592775  0.000952936
   -6   -6   -8  0.006592775  0.000952936
    3    3  -11  0.002389897  0.003930054
    3    3   11  0.003405844 -0.003082103
   -3   -3   11  0.003405844 -0.003082103
   -3   -3  -11  0.002389897  0.003930054
    8    8   -4  0.006105494  0.000898095
    0    0  -12  0.006105494  0.000898095
    8    8    4  0.006105494  0.000898095
    0    0   12  0.006105494  0.000898095
   -8   -8    4  0.006105494  0.000898095
   -8   -8   -4  0.006105494  0.000898095
   -7   -7   -7  0.002190619  0.003660056
    7    7    7  0.003153933 -0.002866507
   -7   -7    7  0.003153933 -0.002866507
    7    7   -7  0.002190619  0.003660056
    2    2  -12  0.005666452  0.000846698
    2    2   12  0.005666452  0.000846698
   -2   -2   12  0.005666452  0.000846698
   -2   -2  -12  0.005666452  0.000846698
    9    9    1  0.001853588  0.003190997
   -9   -9   -1  0.002720484 -0.002495547
    9    9   -1  0.002720484 -0.002495547
   -9   -9    1  0.001853588  0.003190997
   -8   -8   -6 -0.000554071 -0.000085740
   -8   -8    6 -0.000554071 -0.000085740
    8    8    6 -0.000554071 -0.000085740
    8    8   -6 -0.000554071 -0.000085740
    5    5  -11  0.001710528  0.002986472
   -5   -5  -11  0.001710528  0.002986472
   -5   -5   11  0.002533229 -0.002335273
   -1   -1   13  0.001710528  0.002986472
    1    1  -13  0.002533229 -0.002335273
    5    5   11  0.002533229 -0.002335273
   -1   -1  -13  0.002533229 -0.002335273
    1    1   13  0.001710528  0.002986472
    9    9    3  0.002533229 -0.002335273
    9    9   -3  0.001710528  0.002986472
   -9   -9   -3  0.001710528  0.002986472
   -9   -9    3  0.002533229 -0.002335273
    6    6  -10 -0.000536855 -0.000085738
   -6   -6  -10 -0.000536855 -0.000085738
    6    6   10 -0.000536855 -0.000085738
   -6   -6   10 -0.000536855 -0.000085738
    4    4   12  0.004581473  0.000710671
   -4   -4  -12  0.004581473  0.000710671
    4    4  -12  0.004581473  0.000710671
   -4   -4   12  0.004581473  0.000710671
    7    7   -9  0.002362530 -0.002189154
    7    7    9  0.001581592  0.002798979
   -7   -7   -9  0.002362530 -0.002189154
   -7   -7    9  0.001581592  0.002798979
    3    3   13  0.001465051  0.002626681
   -3   -3   13  0.001465051  0.002626681
   -3   -3  -13  0.002206495 -0.002055571
    3    3  -13  0.002206495 -0.002055571
   -9   -9    5  0.001465051  0.002626681
    9    9   -5  0.002206495 -0.002055571
    9    9    5  0.001465051  0.002626681
   -9   -9   -5  0.002206495 -0.002055571
   -8   -8    8  0.004008674  0.000633012
   -8   -8   -8  0.004008674  0.000633012
    8    8   -8  0.004008674  0.000633012
    8    8    8  0.004008674  0.000633012
    0    0   14 -0.000487095 -0.000084524
    0    0  -14 -0.000487095 -0.000084524
   10   10    0  0.003757671  0.000597554
  -10  -10    0  0.003757671  0.000597554
   10   10    2 -0.000471336 -0.000083794
   10   10   -2 -0.000471336 -0.000083794
  -10  -10   -2 -0.000471336 -0.000083794
  -10  -10    2 -0.000471336 -0.000083794
    2    2  -14 -0.000471336 -0.000083794
   -2   -2   14 -0.000471336 -0.000083794
    2    2   14 -0.000471336 -0.000083794
   -2   -2  -14 -0.000471336 -0.000083794
   -9   -9    7  0.001811221 -0.001717042
    9    9    7  0.001811221 -0.001717042
   -9   -9   -7  0.001176064  0.002186104
    9    9   -7  0.001176064  0.002186104
  -10  -10   -4  0.003314411  0.000532635
   10   10   -4  0.003314411  0.000532635
  -10  -10    4  0.003314411  0.000532635
   10   10    4  0.003314411  0.000532635
    6    6   12  0.003314411  0.000532635
    6    6  -12  0.003314411  0.000532635
   -6   -6  -12  0.003314411  0.000532635
   -6   -6   12  0.003314411  0.000532635
    5    5  -13  0.001699665 -0.001621444
   -5   -5   13  0.001096292  0.002060644
    5    5   13  0.001096292  0.002060644
   -5   -5  -13  0.001699665 -0.001621444
    7    7   11  0.001699665 -0.001621444
    7    7  -11  0.001096292  0.002060644
   -7   -7   11  0.001699665 -0.001621444
   -7   -7  -11  0.001096292  0.002060644
    1    1   15  0.001596557 -0.001533047
    1    1  -15  0.001023330  0.001944224
   -1   -1  -15  0.001023330  0.001944224
   -1   -1   15  0.001596557 -0.001533047
   -8   -8  -10 -0.000426930 -0.000080886
   -4   -4  -14 -0.000426930 -0.000080886
    4    4  -14 -0.000426930 -0.000080886
   -4   -4   14 -0.000426930 -0.000080886
    8    8   10 -0.000426930 -0.000080886
    4    4   14 -0.000426930 -0.000080886
    8    8  -10 -0.000426930 -0.000080886
   -8   -8   10 -0.000426930 -0.000080886
  -10  -10   -6 -0.000413109 -0.000079727
  -10  -10    6 -0.000413109 -0.000079727
   10   10   -6 -0.000413109 -0.000079727
   10   10    6 -0.000413109 -0.000079727
   -3   -3   15  0.001412541 -0.001375147
    3    3   15  0.001412541 -0.001375147
    3    3  -15  0.000895080  0.001735306
   -3   -3  -15  0.000895080  0.001735306
   -9   -9    9  0.000895080  0.001735306
    9    9   -9  0.001412541 -0.001375147
  -11  -11   -1  0.001412541 -0.001375147
   11   11   -1  0.001412541 -0.001375147
   -9   -9   -9  0.001412541 -0.001375147
    9    9    9  0.000895080  0.001735306
  -11  -11    1  0.000895080  0.001735306
   11   11    1  0.000895080  0.001735306
   11   11   -3  0.000838622  0.001641426
  -11  -11    3  0.001330288 -0.001304484
  -11  -11   -3  0.000838622  0.001641426
   11   11    3  0.001330288 -0.001304484
    0    0   16  0.002468114  0.000399673
    0    0  -16  0.002468114  0.000399673
  -10  -10    8  0.002333309  0.000377302
   10   10    8  0.002333309  0.000377302
  -10  -10   -8  0.002333309  0.000377302
   10   10   -8  0.002333309  0.000377302
   -2   -2   16  0.002333309  0.000377302
    2    2  -16  0.002333309  0.000377302
    2    2   16  0.002333309  0.000377302
   -2   -2  -16  0.002333309  0.000377302
  -11  -11    5  0.000738626  0.001471914
   -7   -7  -13  0.001182483 -0.001177313
   11   11   -5  0.001182483 -0.001177313
    7    7   13  0.000738626  0.001471914
   -7   -7   13  0.000738626  0.001471914
   11   11    5  0.000738626  0.001471914
    7    7  -13  0.001182483 -0.001177313
  -11  -11   -5  0.001182483 -0.001177313
   -6   -6   14 -0.000362591 -0.000074451
    6    6   14 -0.000362591 -0.000074451
   -6   -6  -14 -0.000362591 -0.000074451
    6    6  -14 -0.000362591 -0.000074451
   -8   -8  -12  0.002207684  0.000356141
   -8   -8   12  0.002207684  0.000356141
    8    8   12  0.002207684  0.000356141
    8    8  -12  0.002207684  0.000356141
    5    5   15  0.001115988 -0.001119989
   -5   -5   15  0.001115988 -0.001119989
   -5   -5  -15  0.000694287  0.001395294
    5    5  -15  0.000694287  0.001395294
   -9   -9  -11  0.000653258  0.001323521
    9    9  -11  0.000653258  0.001323521
   -9   -9   11  0.001053884 -0.001066370
    9    9   11  0.001053884 -0.001066370
   -4   -4  -16  0.001980930  0.000317165
    4    4   16  0.001980930  0.000317165
  -12  -12    0  0.001980930  0.000317165
    4    4  -16  0.001980930  0.000317165
   12   12    0  0.001980930  0.000317165
   -4   -4   16  0.001980930  0.000317165
    1    1   17  0.000615244  0.001256216
   -1   -1   17  0.000615244  0.001256216
   -1   -1  -17  0.000995816 -0.001016148
    1    1  -17  0.000995816 -0.001016148
   11   11    7  0.000995816 -0.001016148
  -11  -11   -7  0.000615244  0.001256216
  -11  -11    7  0.000995816 -0.001016148
   11   11   -7  0.000615244  0.001256216
   12   12   -2 -0.000329340 -0.000070064
   12   12    2 -0.000329340 -0.000070064
  -12  -12    2 -0.000329340 -0.000070064
  -12  -12   -2 -0.000329340 -0.000070064
   10   10   10 -0.000319057 -0.000068557
  -10  -10  -10 -0.000319057 -0.000068557
  -10  -10   10 -0.000319057 -0.000068557
   10   10  -10 -0.000319057 -0.000068557
  -12  -12   -4  0.001782523  0.000282223
   12   12    4  0.001782523  0.000282223
   12   12   -4  0.001782523  0.000282223
  -12  -12    4  0.001782523  0.000282223
    3    3  -17  0.000890528 -0.000924811
    3    3   17  0.000547218  0.001133668
   -3   -3   17  0.000547218  0.001133668
   -3   -3  -17  0.000890528 -0.000924811
   -7   -7   15  0.000797906 -0.000844078
    7    7  -15  0.000488394  0.001025268
    7    7   15  0.000797906 -0.000844078
   -7   -7  -15  0.000488394  0.001025268
  -11  -11   -9  0.000797906 -0.000844078
   11   11   -9  0.000797906 -0.000844078
  -11  -11    9  0.000488394  0.001025268
   11   11    9  0.000488394  0.001025268
   12   12   -6 -0.000290390 -0.000063969
  -12  -12    6 -0.000290390 -0.000063969
  -12  -12   -6 -0.000290390 -0.000063969
   12   12    6 -0.000290390 -0.000063969
    0    0   18 -0.000290390 -0.000063969
    0    0  -18 -0.000290390 -0.000063969
   -8   -8   14 -0.000290390 -0.000063969
   -8   -8  -14 -0.000290390 -0.000063969
    8    8  -14 -0.000290390 -0.000063969
    8    8   14 -0.000290390 -0.000063969
   -6   -6   16  0.001528831  0.000236404
    6    6   16  0.001528831  0.000236404
   -6   -6  -16  0.001528831  0.000236404
    6    6  -16  0.001528831  0.000236404
    9    9   13  0.000461962  0.000975743
    9    9  -13  0.000755764 -0.000807189
   -9   -9  -13  0.000755764 -0.000807189
   -9   -9   13  0.000461962  0.000975743
    2    2  -18 -0.000281511 -0.000062432
   -2   -2  -18 -0.000281511 -0.000062432
    2    2   18 -0.000281511 -0.000062432
   -2   -2   18 -0.000281511 -0.000062432
   13   13   -1  0.000716132 -0.000772391
   13   13    1  0.000437303  0.000929044
  -13  -13    1  0.000437303  0.000929044
  -13  -13   -1  0.000716132 -0.000772391
    5    5   17  0.000437303  0.000929044
    5    5  -17  0.000716132 -0.000772391
   -5   -5   17  0.000437303  0.000929044
   -5   -5  -17  0.000716132 -0.000772391
   10   10   12  0.001384061  0.000209698
  -10  -10  -12  0.001384061  0.000209698
   10   10  -12  0.001384061  0.000209698
  -10  -10   12  0.001384061  0.000209698
   13   13   -3  0.000414275  0.000884973
   13   13    3  0.000678831 -0.000739530
  -13  -13   -3  0.000414275  0.000884973
  -13  -13    3  0.000678831 -0.000739530
   12   12    8  0.001317939  0.000197373
   12   12   -8  0.001317939  0.000197373
  -12  -12    8  0.001317939  0.000197373
  -12  -12   -8  0.001317939  0.000197373
    4    4   18 -0.000256705 -0.000057842
   -4   -4   18 -0.000256705 -0.000057842
   -4   -4  -18 -0.000256705 -0.000057842
    4    4  -18 -0.000256705 -0.000057842
   -1   -1   19  0.000610582 -0.000679079
   -1   -1  -19  0.000372611  0.000804017
    1    1  -19  0.000372611  0.000804017
    1    1   19  0.000610582 -0.000679079
   13   13    5  0.000372611  0.000804017
  -13  -13    5  0.000372611  0.000804017
   13   13   -5  0.000610582 -0.000679079
  -13  -13   -5  0.000610582 -0.000679079
  -11  -11  -11  0.000372611  0.000804017
   11   11  -11  0.000372611  0.000804017
  -11  -11   11  0.000610582 -0.000679079
   11   11   11  0.000610582 -0.000679079
    3    3  -19  0.000336078  0.000731609
    3    3   19  0.000549866 -0.000624865
   -3   -3   19  0.000549866 -0.000624865
   -3   -3  -19  0.000336078  0.000731609
   -8   -8  -16  0.001088752  0.000154088
    8    8  -16  0.001088752  0.000154088
    8    8   16  0.001088752  0.000154088
   -8   -8   16  0.001088752  0.000154088
  -13  -13   -7  0.000319499  0.000698269
   -7   -7   17  0.000319499  0.000698269
    7    7  -17  0.000522024 -0.000599838
   13   13   -7  0.000319499  0.000698269
    9    9   15  0.000522024 -0.000599838
   -9   -9  -15  0.000319499  0.000698269
  -13  -13    7  0.000522024 -0.000599838
   -7   -7  -17  0.000522024 -0.000599838
    7    7   17  0.000319499  0.000698269
   -9   -9   15  0.000522024 -0.000599838
   13   13    7  0.000522024 -0.000599838
    9    9  -15  0.000319499  0.000698269
  -12  -12  -10 -0.000227437 -0.000051864
  -12  -12   10 -0.000227437 -0.000051864
   12   12  -10 -0.000227437 -0.000051864
   12   12   10 -0.000227437 -0.000051864
  -14  -14    0  0.001039118  0.000144616
   14   14    0  0.001039118  0.000144616
  -10  -10  -14 -0.000220724 -0.000050408
   10   10  -14 -0.000220724 -0.000050408
   10   10   14 -0.000220724 -0.000050408
  -10  -10   14 -0.000220724 -0.000050408
  -14  -14    2 -0.000220724 -0.000050408
    6    6  -18 -0.000220724 -0.000050408
   14   14    2 -0.000220724 -0.000050408
   -6   -6   18 -0.000220724 -0.000050408
   -6   -6  -18 -0.000220724 -0.000050408
    6    6   18 -0.000220724 -0.000050408
   14   14   -2 -0.000220724 -0.000050408
  -14  -14   -2 -0.000220724 -0.000050408
    0    0  -20  0.000992150  0.000135627
    0    0   20  0.000992150  0.000135627
    2    2  -20  0.000947675  0.000127096
   -2   -2  -20  0.000947675  0.000127096
   -2   -2   20  0.000947675  0.000127096
    2    2   20  0.000947675  0.000127096
   14   14    4  0.000947675  0.000127096
  -14  -14    4  0.000947675  0.000127096
   14   14   -4  0.000947675  0.000127096
  -14  -14   -4  0.000947675  0.000127096
    5    5  -19  0.000275570  0.000608310
    5    5   19  0.000447307 -0.000532027
   -5   -5  -19  0.000275570  0.000608310
   -5   -5   19  0.000447307 -0.000532027
  -11  -11  -13  0.000447307 -0.000532027
  -11  -11   13  0.000275570  0.000608310
   11   11  -13  0.000447307 -0.000532027
   11   11   13  0.000275570  0.000608310
   13   13    9  0.000262637  0.000581341
  -13  -13    9  0.000262637  0.000581341
   13   13   -9  0.000425033 -0.000511595
  -13  -13   -9  0.000425033 -0.000511595
   14   14   -6 -0.000196008 -0.000044774
  -14  -14   -6 -0.000196008 -0.000044774
   14   14    6 -0.000196008 -0.000044774
  -14  -14    6 -0.000196008 -0.000044774
    4    4   20  0.000827680  0.000104021
   -4   -4   20  0.000827680  0.000104021
    4    4  -20  0.000827680  0.000104021
   -4   -4  -20  0.000827680  0.000104021
   12   12  -12  0.000827680  0.000104021
  -12  -12  -12  0.000827680  0.000104021
  -12  -12   12  0.000827680  0.000104021
   12   12   12  0.000827680  0.000104021
  -15  -15    1  0.000217973  0.000486262
  -15  -15   -1  0.000347061 -0.000439047
   15   15    1  0.000217973  0.000486262
   15   15   -1  0.000347061 -0.000439047
   -9   -9  -17  0.000347061 -0.000439047
    9    9  -17  0.000347061 -0.000439047
    9    9   17  0.000217973  0.000486262
   -9   -9   17  0.000217973  0.000486262
    8    8  -18 -0.000179480 -0.000040774
   -8   -8   18 -0.000179480 -0.000040774
   -8   -8  -18 -0.000179480 -0.000040774
    8    8   18 -0.000179480 -0.000040774
   10   10   16  0.000725075  0.000084292
  -14  -14   -8  0.000725075  0.000084292
