    0    0    0  0.000000000  0.002977006
    0    1    0  0.001110594  0.000307833
    1    0    0  0.001110594  0.000307833
   -1    0    0  0.001110594  0.000307833
    0   -1    0  0.001110594  0.000307833
    1    1    0  0.055929435  0.002190553
   -1   -1    0  0.055929435  0.002190553
    1   -1    0  0.055929435  0.002190553
   -1    1    0  0.055929435  0.002190553
   -2    0    0  0.072212902  0.002585417
    0    2    0  0.072212902  0.002585417
    2    0    0  0.072212902  0.002585417
    0   -2    0  0.072212902  0.002585417
    1    2    0  0.000134233  0.000374904
   -1    2    0  0.000134233  0.000374904
   -2   -1    0  0.000134233  0.000374904
    2   -1    0  0.000134233  0.000374904
   -1   -2    0  0.000134233  0.000374904
    2    1    0  0.000134233  0.000374904
    1   -2    0  0.000134233  0.000374904
   -2    1    0  0.000134233  0.000374904
   -2   -2    0  0.047418275  0.002285154
    2    2    0  0.047418275  0.002285154
   -2    2    0  0.047418275  0.002285154
    2   -2    0  0.047418275  0.002285154
    0    3    0  0.000720915  0.000419651
    3    0    0  0.000720915  0.000419651
    0   -3    0  0.000720915  0.000419651
   -3    0    0  0.000720915  0.000419651
    1   -3    0  0.021277094  0.001741783
    1    3    0  0.021277094  0.001741783
   -1   -3    0  0.021277094  0.001741783
    3    1    0  0.021277094  0.001741783
   -1    3    0  0.021277094  0.001741783
   -3   -1    0  0.021277094  0.001741783
    3   -1    0  0.021277094  0.001741783
   -3    1    0  0.021277094  0.001741783
    3    2    0  0.001211965  0.000449823
    2    3    0  0.001211965  0.000449823
    2   -3    0  0.001211965  0.000449823
   -3    2    0  0.001211965  0.000449823
   -2   -3    0  0.001211965  0.000449823
   -2    3    0  0.001211965  0.000449823
    3   -2    0  0.001211965  0.000449823
   -3   -2    0  0.001211965  0.000449823
   -4    0    0  0.027045709  0.001834088
    0    4    0  0.027045709  0.001834088
    0   -4    0  0.027045709  0.001834088
    4    0    0  0.027045709  0.001834088
    1   -4    0  0.001568822  0.000469357
    4    1    0  0.001568822  0.000469357
    4   -1    0  0.001568822  0.000469357
    1    4    0  0.001568822  0.000469357
   -1    4    0  0.001568822  0.000469357
   -1   -4    0  0.001568822  0.000469357
   -4   -1    0  0.001568822  0.000469357
   -4    1    0  0.001568822  0.000469357
   -3    3    0  0.013322217  0.001434021
    3   -3    0  0.013322217  0.001434021
   -3   -3    0  0.013322217  0.001434021
    3    3    0  0.013322217  0.001434021
    4   -2    0  0.021829681  0.001658208
   -4    2    0  0.021829681  0.001658208
    4    2    0  0.021829681  0.001658208
   -2   -4    0  0.021829681  0.001658208
    2   -4    0  0.021829681  0.001658208
    2    4    0  0.021829681  0.001658208
   -2    4    0  0.021829681  0.001658208
   -4   -2    0  0.021829681  0.001658208
   -4    3    0  0.001949406  0.000486215
    4   -3    0  0.001949406  0.000486215
    0   -5    0  0.001949406  0.000486215
   -3   -4    0  0.001949406  0.000486215
    4    3    0  0.001949406  0.000486215
   -5    0    0  0.001949406  0.000486215
    3    4    0  0.001949406  0.000486215
   -3    4    0  0.001949406  0.000486215
    0    5    0  0.001949406  0.000486215
   -4   -3    0  0.001949406  0.000486215
    5    0    0  0.001949406  0.000486215
    3   -4    0  0.001949406  0.000486215
   -1    5    0  0.009513896  0.001202971
   -1   -5    0  0.009513896  0.001202971
    5   -1    0  0.009513896  0.001202971
    1    5    0  0.009513896  0.001202971
    5    1    0  0.009513896  0.001202971
   -5   -1    0  0.009513896  0.001202971
   -5    1    0  0.009513896  0.001202971
    1   -5    0  0.009513896  0.001202971
    5   -2    0  0.002027443  0.000486828
    5    2    0  0.002027443  0.000486828
   -2   -5    0  0.002027443  0.000486828
   -5    2    0  0.002027443  0.000486828
    2   -5    0  0.002027443  0.000486828
   -2    5    0  0.002027443  0.000486828
    2    5    0  0.002027443  0.000486828
   -5   -2    0  0.002027443  0.000486828
    4    4    0  0.013119011  0.001255386
   -4   -4    0  0.013119011  0.001255386
    4   -4    0  0.013119011  0.001255386
   -4    4    0  0.013119011  0.001255386
   -5   -3    0  0.007257110  0.001021830
    5   -3    0  0.007257110  0.001021830
    3   -5    0  0.007257110  0.001021830
   -3    5    0  0.007257110  0.001021830
    3    5    0  0.007257110  0.001021830
   -3   -5    0  0.007257110  0.001021830
   -5    3    0  0.007257110  0.001021830
    5    3    0  0.007257110  0.001021830
    0    6    0  0.011394684  0.001151132
   -6    0    0  0.011394684  0.001151132
    0   -6    0  0.011394684  0.001151132
    6    0    0  0.011394684  0.001151132
   -6    1    0  0.002056356  0.000477887
   -1    6    0  0.002056356  0.000477887
    6    1    0  0.002056356  0.000477887
    1   -6    0  0.002056356  0.000477887
   -1   -6    0  0.002056356  0.000477887
   -6   -1    0  0.002056356  0.000477887
    1    6    0  0.002056356  0.000477887
    6   -1    0  0.002056356  0.000477887
    2   -6    0  0.009995370  0.001058024
   -2   -6    0  0.009995370  0.001058024
   -6    2    0  0.009995370  0.001058024
    6    2    0  0.009995370  0.001058024
    6   -2    0  0.009995370  0.001058024
   -6   -2    0  0.009995370  0.001058024
   -2    6    0  0.009995370  0.001058024
    2    6    0  0.009995370  0.001058024
   -4   -5    0  0.002031302  0.000469816
    5    4    0  0.002031302  0.000469816
   -5   -4    0  0.002031302  0.000469816
   -5    4    0  0.002031302  0.000469816
    4   -5    0  0.002031302  0.000469816
    4    5    0  0.002031302  0.000469816
   -4    5    0  0.002031302  0.000469816
    5   -4    0  0.002031302  0.000469816
    3    6    0  0.001990457  0.000460076
   -3   -6    0  0.001990457  0.000460076
    3   -6    0  0.001990457  0.000460076
    6   -3    0  0.001990457  0.000460076
    6    3    0  0.001990457  0.000460076
   -3    6    0  0.001990457  0.000460076
   -6   -3    0  0.001990457  0.000460076
   -6    3    0  0.001990457  0.000460076
   -7    0    0  0.001938990  0.000449076
    0   -7    0  0.001938990  0.000449076
    0    7    0  0.001938990  0.000449076
    7    0    0  0.001938990  0.000449076
    5    5    0  0.004703774  0.000755912
    5   -5    0  0.004703774  0.000755912
   -5    5    0  0.004703774  0.000755912
   -5   -5    0  0.004703774  0.000755912
   -7    1    0  0.004703774  0.000755912
   -1    7    0  0.004703774  0.000755912
   -7   -1    0  0.004703774  0.000755912
    7    1    0  0.004703774  0.000755912
   -1   -7    0  0.004703774  0.000755912
    1    7    0  0.004703774  0.000755912
    1   -7    0  0.004703774  0.000755912
    7   -1    0  0.004703774  0.000755912
    6    4    0  0.007053158  0.000830950
   -4    6    0  0.007053158  0.000830950
   -4   -6    0  0.007053158  0.000830950
    6   -4    0  0.007053158  0.000830950
   -6   -4    0  0.007053158  0.000830950
    4   -6    0  0.007053158  0.000830950
   -6    4    0  0.007053158  0.000830950
    4    6    0  0.007053158  0.000830950
   -7    2    0  0.001880619  0.000437140
    7    2    0  0.001880619  0.000437140
   -2    7    0  0.001880619  0.000437140
    7   -2    0  0.001880619  0.000437140
   -7   -2    0  0.001880619  0.000437140
    2    7    0  0.001880619  0.000437140
   -2   -7    0  0.001880619  0.000437140
    2   -7    0  0.001880619  0.000437140
    3   -7    0  0.003914352  0.000655916
   -3    7    0  0.003914352  0.000655916
   -3   -7    0  0.003914352  0.000655916
    3    7    0  0.003914352  0.000655916
    7    3    0  0.003914352  0.000655916
   -7    3    0  0.003914352  0.000655916
   -7   -3    0  0.003914352  0.000655916
    7   -3    0  0.003914352  0.000655916
   -5    6    0  0.001753142  0.000411459
    5   -6    0  0.001753142  0.000411459
   -6    5    0  0.001753142  0.000411459
    6    5    0  0.001753142  0.000411459
   -5   -6    0  0.001753142  0.000411459
    6   -5    0  0.001753142  0.000411459
    5    6    0  0.001753142  0.000411459
   -6   -5    0  0.001753142  0.000411459
   -8    0    0  0.005216465  0.000661231
    0    8    0  0.005216465  0.000661231
    8    0    0  0.005216465  0.000661231
    0   -8    0  0.005216465  0.000661231
   -8   -1    0  0.001687364  0.000398093
    7   -4    0  0.001687364  0.000398093
    7    4    0  0.001687364  0.000398093
   -1   -8    0  0.001687364  0.000398093
    8    1    0  0.001687364  0.000398093
    4    7    0  0.001687364  0.000398093
   -4    7    0  0.001687364  0.000398093
    4   -7    0  0.001687364  0.000398093
    1   -8    0  0.001687364  0.000398093
    8   -1    0  0.001687364  0.000398093
    1    8    0  0.001687364  0.000398093
   -7   -4    0  0.001687364  0.000398093
   -8    1    0  0.001687364  0.000398093
   -7    4    0  0.001687364  0.000398093
