    0    0    0  0.000000000  0.003644511
   -1   -1   -1  0.044528497 -0.045982468
   -1   -1    1  0.040916098  0.049359743
    1    1   -1  0.044528497 -0.045982468
    1    1    1  0.040916098  0.049359743
    0    0    2 -0.004589739 -0.000116477
    0    0   -2 -0.004589739 -0.000116477
   -2   -2    0  0.059311838  0.003271894
    2    2    0  0.059311838  0.003271894
   -1   -1   -3  0.022319495  0.027522705
   -1   -1    3  0.025580656 -0.024483224
    1    1   -3  0.022319495  0.027522705
    1    1    3  0.025580656 -0.024483224
   -2   -2   -2 -0.001834715 -0.000110256
    2    2   -2 -0.001834715 -0.000110256
   -2   -2    2 -0.001834715 -0.000110256
    2    2    2 -0.001834715 -0.000110256
    0    0    4  0.040087861  0.002963570
    0    0   -4  0.040087861  0.002963570
    3    3    1  0.016045577  0.019856546
    3    3   -1  0.019012245 -0.017104091
   -3   -3    1  0.016045577  0.019856546
   -3   -3   -1  0.019012245 -0.017104091
    2    2   -4  0.030889400  0.002697557
   -2   -2   -4  0.030889400  0.002697557
    2    2    4  0.030889400  0.002697557
   -2   -2    4  0.030889400  0.002697557
    1    1    5  0.012582886  0.015791263
   -1   -1    5  0.012582886  0.015791263
    1    1   -5  0.015293884 -0.013289491
   -1   -1   -5  0.015293884 -0.013289491
   -3   -3   -3  0.012582886  0.015791263
   -3   -3    3  0.015293884 -0.013289491
    3    3   -3  0.012582886  0.015791263
    3    3    3  0.015293884 -0.013289491
   -4   -4    0  0.025184783  0.002463301
    4    4    0  0.025184783  0.002463301
    4    4    2 -0.000468390 -0.000102251
    4    4   -2 -0.000468390 -0.000102251
    0    0   -6 -0.000468390 -0.000102251
   -4   -4    2 -0.000468390 -0.000102251
    0    0    6 -0.000468390 -0.000102251
   -4   -4   -2 -0.000468390 -0.000102251
    3    3    5  0.008610669  0.011219736
    3    3   -5  0.010893065 -0.009138190
   -3   -3    5  0.008610669  0.011219736
   -3   -3   -5  0.010893065 -0.009138190
    2    2   -6 -0.000423285 -0.000100158
   -2   -2   -6 -0.000423285 -0.000100158
    2    2    6 -0.000423285 -0.000100158
   -2   -2    6 -0.000423285 -0.000100158
   -4   -4   -4  0.018122446  0.002067152
    4    4   -4  0.018122446  0.002067152
   -4   -4    4  0.018122446  0.002067152
    4    4    4  0.018122446  0.002067152
   -5   -5   -1  0.009427640 -0.007830671
    5    5    1  0.007327702  0.009734160
    5    5   -1  0.009427640 -0.007830671
   -5   -5    1  0.007327702  0.009734160
   -1   -1    7  0.009427640 -0.007830671
   -1   -1   -7  0.007327702  0.009734160
    1    1    7  0.009427640 -0.007830671
    1    1   -7  0.007327702  0.009734160
   -5   -5   -3  0.006310457  0.008542396
    5    5   -3  0.006310457  0.008542396
   -5   -5    3  0.008245045 -0.006799529
    5    5    3  0.008245045 -0.006799529
    0    0   -8  0.013778230  0.001744634
    0    0    8  0.013778230  0.001744634
    3    3    7  0.007269291 -0.005963877
    3    3   -7  0.005485144  0.007561349
   -3   -3   -7  0.005485144  0.007561349
   -3   -3    7  0.007269291 -0.005963877
    4    4   -6 -0.000384499 -0.000093011
   -4   -4    6 -0.000384499 -0.000093011
    4    4    6 -0.000384499 -0.000093011
   -4   -4   -6 -0.000384499 -0.000093011
    6    6    0  0.012167656  0.001605202
   -6   -6    0  0.012167656  0.001605202
    2    2   -8  0.012167656  0.001605202
   -2   -2   -8  0.012167656  0.001605202
    2    2    8  0.012167656  0.001605202
   -2   -2    8  0.012167656  0.001605202
