  0.000000000  0.000000000
  0.000000000  0.000000000
  0.433588833
  1.000000000  1.000000000
  1.000000000  1.673726652
  1.995143744
 -1.000000000 -1.000000000
  1.000000000  1.673726652
  1.995143744
 -1.000000000 -1.000000000
 -1.000000000  1.673726652
 -1.735716113
  1.000000000  1.000000000
 -1.000000000  1.673726652
 -1.735716113
  0.000000000  0.000000000
  2.000000000 -0.193336269
 -0.029321026
  0.000000000  0.000000000
 -2.000000000 -0.193336269
 -0.029321026
 -2.000000000 -2.000000000
  0.000000000  2.503219462
  0.389259218
  2.000000000  2.000000000
  0.000000000  2.503219462
  0.389259218
  1.000000000  1.000000000
  3.000000000  0.919603722
 -0.922845214
 -1.000000000 -1.000000000
  3.000000000  0.919603722
 -0.922845214
 -1.000000000 -1.000000000
 -3.000000000  0.919603722
  1.065383791
  1.000000000  1.000000000
 -3.000000000  0.919603722
  1.065383791
 -2.000000000 -2.000000000
  2.000000000 -0.065816460
 -0.005100776
 -2.000000000 -2.000000000
 -2.000000000 -0.065816460
 -0.005100776
  2.000000000  2.000000000
 -2.000000000 -0.065816460
 -0.005100776
  2.000000000  2.000000000
  2.000000000 -0.065816460
 -0.005100776
  0.000000000  0.000000000
 -4.000000000  1.724091320
  0.254031859
  0.000000000  0.000000000
  4.000000000  1.724091320
  0.254031859
 -3.000000000 -3.000000000
  1.000000000  0.659678074
  0.741443614
  3.000000000  3.000000000
  1.000000000  0.659678074
  0.741443614
  3.000000000  3.000000000
 -1.000000000  0.659678074
 -0.639193513
 -3.000000000 -3.000000000
 -1.000000000  0.659678074
 -0.639193513
 -2.000000000 -2.000000000
  4.000000000  1.223863320
  0.188089155
  2.000000000  2.000000000
 -4.000000000  1.223863320
  0.188089155
 -2.000000000 -2.000000000
 -4.000000000  1.223863320
  0.188089155
  2.000000000  2.000000000
  4.000000000  1.223863320
  0.188089155
 -3.000000000 -3.000000000
 -3.000000000  0.514130731
  0.570540435
 -1.000000000 -1.000000000
 -5.000000000  0.514130731
 -0.490850172
  1.000000000  1.000000000
  5.000000000  0.514130731
  0.570540435
 -1.000000000 -1.000000000
  5.000000000  0.514130731
  0.570540435
  3.000000000  3.000000000
 -3.000000000  0.514130731
  0.570540435
  1.000000000  1.000000000
 -5.000000000  0.514130731
 -0.490850172
  3.000000000  3.000000000
  3.000000000  0.514130731
 -0.490850172
 -3.000000000 -3.000000000
  3.000000000  0.514130731
 -0.490850172
 -4.000000000 -4.000000000
  0.000000000  0.748638035
  0.132600712
  4.000000000  4.000000000
  0.000000000  0.748638035
  0.132600712
 -4.000000000 -4.000000000
 -2.000000000 -0.010968013
 -0.000850021
  4.000000000  4.000000000
 -2.000000000 -0.010968013
 -0.000850021
 -4.000000000 -4.000000000
  2.000000000 -0.010968013
 -0.000850021
  4.000000000  4.000000000
  2.000000000 -0.010968013
 -0.000850021
  0.000000000  0.000000000
 -6.000000000 -0.010968013
 -0.000850021
  0.000000000  0.000000000
  6.000000000 -0.010968013
 -0.000850021
  3.000000000  3.000000000
  5.000000000  0.345554689
  0.381454083
 -3.000000000 -3.000000000
 -5.000000000  0.345554689
 -0.327893106
 -3.000000000 -3.000000000
  5.000000000  0.345554689
  0.381454083
  3.000000000  3.000000000
 -5.000000000  0.345554689
 -0.327893106
  2.000000000  2.000000000
  6.000000000 -0.008940325
 -0.000692875
 -2.000000000 -2.000000000
 -6.000000000 -0.008940325
 -0.000692875
 -2.000000000 -2.000000000
  6.000000000 -0.008940325
 -0.000692875
  2.000000000  2.000000000
 -6.000000000 -0.008940325
 -0.000692875
 -4.000000000 -4.000000000
  4.000000000  0.520755207
  0.088173919
  4.000000000  4.000000000
 -4.000000000  0.520755207
  0.088173919
  4.000000000  4.000000000
  4.000000000  0.520755207
  0.088173919
 -4.000000000 -4.000000000
 -4.000000000  0.520755207
  0.088173919
 -5.000000000 -5.000000000
 -1.000000000  0.290962322
 -0.276447331
  5.000000000  5.000000000
  1.000000000  0.290962322
  0.321546491
 -5.000000000 -5.000000000
  1.000000000  0.290962322
  0.321546491
  5.000000000  5.000000000
 -1.000000000  0.290962322
 -0.276447331
 -1.000000000 -1.000000000
 -7.000000000  0.290962322
  0.321546491
 -1.000000000 -1.000000000
  7.000000000  0.290962322
 -0.276447331
  1.000000000  1.000000000
 -7.000000000  0.290962322
  0.321546491
  1.000000000  1.000000000
  7.000000000  0.290962322
 -0.276447331
  5.000000000  5.000000000
 -3.000000000  0.247739674
  0.274370131
 -5.000000000 -5.000000000
 -3.000000000  0.247739674
  0.274370131
  5.000000000  5.000000000
  3.000000000  0.247739674
 -0.235970481
 -5.000000000 -5.000000000
  3.000000000  0.247739674
 -0.235970481
  0.000000000  0.000000000
  8.000000000  0.479732357
  0.074137117
  0.000000000  0.000000000
 -8.000000000  0.479732357
  0.074137117
 -3.000000000 -3.000000000
 -7.000000000  0.212772300
  0.236287298
 -3.000000000 -3.000000000
  7.000000000  0.212772300
 -0.203307592
  3.000000000  3.000000000
  7.000000000  0.212772300
 -0.203307592
  3.000000000  3.000000000
 -7.000000000  0.212772300
  0.236287298
 -4.000000000 -4.000000000
 -6.000000000 -0.006981120
 -0.000541037
  4.000000000  4.000000000
  6.000000000 -0.006981120
 -0.000541037
 -4.000000000 -4.000000000
  6.000000000 -0.006981120
 -0.000541037
  4.000000000  4.000000000
 -6.000000000 -0.006981120
 -0.000541037
 -2.000000000 -2.000000000
 -8.000000000  0.281273160
  0.053315847
 -2.000000000 -2.000000000
  8.000000000  0.281273160
  0.053315847
  2.000000000  2.000000000
  8.000000000  0.281273160
  0.053315847
  2.000000000  2.000000000
 -8.000000000  0.281273160
  0.053315847
  6.000000000  6.000000000
  0.000000000  0.281273160
  0.053315847
 -6.000000000 -6.000000000
  0.000000000  0.281273160
  0.053315847
 -5.000000000 -5.000000000
  5.000000000  0.184030986
  0.204984589
 -5.000000000 -5.000000000
 -5.000000000  0.184030986
 -0.176459786
  5.000000000  5.000000000
  5.000000000  0.184030986
  0.204984589
  5.000000000  5.000000000
 -5.000000000  0.184030986
 -0.176459786
  6.000000000  6.000000000
 -2.000000000 -0.006651216
 -0.000515469
 -6.000000000 -6.000000000
 -2.000000000 -0.006651216
 -0.000515469
 -6.000000000 -6.000000000
  2.000000000 -0.006651216
 -0.000515469
  6.000000000  6.000000000
  2.000000000 -0.006651216
 -0.000515469
 -1.000000000 -1.000000000
  9.000000000  0.160114941
  0.178896382
  1.000000000  1.000000000
 -9.000000000  0.160114941
 -0.154078566
  1.000000000  1.000000000
  9.000000000  0.160114941
  0.178896382
 -1.000000000 -1.000000000
 -9.000000000  0.160114941
 -0.154078566
  6.000000000  6.000000000
  4.000000000  0.290419468
  0.043165817
 -6.000000000 -6.000000000
 -4.000000000  0.290419468
  0.043165817
  6.000000000  6.000000000
 -4.000000000  0.290419468
  0.043165817
 -6.000000000 -6.000000000
  4.000000000  0.290419468
  0.043165817
  4.000000000  4.000000000
  8.000000000  0.294306643
  0.042032429
 -4.000000000 -4.000000000
  8.000000000  0.294306643
  0.042032429
 -4.000000000 -4.000000000
 -8.000000000  0.294306643
  0.042032429
  4.000000000  4.000000000
 -8.000000000  0.294306643
  0.042032429
 -3.000000000 -3.000000000
 -9.000000000  0.122983610
 -0.119162229
  3.000000000  3.000000000
  9.000000000  0.122983610
  0.138224688
 -3.000000000 -3.000000000
  9.000000000  0.122983610
  0.138224688
  3.000000000  3.000000000
 -9.000000000  0.122983610
 -0.119162229
  7.000000000  7.000000000
  1.000000000  0.122983610
  0.138224688
  7.000000000  7.000000000
 -1.000000000  0.122983610
 -0.119162229
  5.000000000  5.000000000
  7.000000000  0.122983610
 -0.119162229
 -7.000000000 -7.000000000
 -1.000000000  0.122983610
 -0.119162229
 -5.000000000 -5.000000000
  7.000000000  0.122983610
 -0.119162229
 -5.000000000 -5.000000000
 -7.000000000  0.122983610
  0.138224688
