    0    0    0  0.000000000  0.002929305
    0    1    0  0.001138684  0.000295964
    1    0    0  0.001138684  0.000295964
   -1    0    0  0.001138684  0.000295964
    0   -1    0  0.001138684  0.000295964
    1    1    0  0.055977902  0.002179716
   -1   -1    0  0.055977902  0.002179716
    1   -1    0  0.055977902  0.002179716
   -1    1    0  0.055977902  0.002179716
   -2    0    0  0.071987654  0.002612388
    0    2    0  0.071987654  0.002612388
    2    0    0  0.071987654  0.002612388
    0   -2    0  0.071987654  0.002612388
    1    2    0  0.000218060  0.000385477
   -1    2    0  0.000218060  0.000385477
   -2   -1    0  0.000218060  0.000385477
    2   -1    0  0.000218060  0.000385477
   -1   -2    0  0.000218060  0.000385477
    2    1    0  0.000218060  0.000385477
    1   -2    0  0.000218060  0.000385477
   -2    1    0  0.000218060  0.000385477
   -2   -2    0  0.047119574  0.002303199
    2    2    0  0.047119574  0.002303199
   -2    2    0  0.047119574  0.002303199
    2   -2    0  0.047119574  0.002303199
    0    3    0  0.000823425  0.000427092
    3    0    0  0.000823425  0.000427092
    0   -3    0  0.000823425  0.000427092
   -3    0    0  0.000823425  0.000427092
    1   -3    0  0.021381774  0.001736969
    1    3    0  0.021381774  0.001736969
   -1   -3    0  0.021381774  0.001736969
    3    1    0  0.021381774  0.001736969
   -1    3    0  0.021381774  0.001736969
   -3   -1    0  0.021381774  0.001736969
    3   -1    0  0.021381774  0.001736969
   -3    1    0  0.021381774  0.001736969
    3    2    0  0.001319894  0.000446525
    2    3    0  0.001319894  0.000446525
    2   -3    0  0.001319894  0.000446525
   -3    2    0  0.001319894  0.000446525
   -2   -3    0  0.001319894  0.000446525
   -2    3    0  0.001319894  0.000446525
    3   -2    0  0.001319894  0.000446525
   -3   -2    0  0.001319894  0.000446525
   -4    0    0  0.026721442  0.001840269
    0    4    0  0.026721442  0.001840269
    0   -4    0  0.026721442  0.001840269
    4    0    0  0.026721442  0.001840269
    1   -4    0  0.001676537  0.000467657
    4    1    0  0.001676537  0.000467657
    4   -1    0  0.001676537  0.000467657
    1    4    0  0.001676537  0.000467657
   -1    4    0  0.001676537  0.000467657
   -1   -4    0  0.001676537  0.000467657
   -4   -1    0  0.001676537  0.000467657
   -4    1    0  0.001676537  0.000467657
   -3    3    0  0.013429406  0.001432658
    3   -3    0  0.013429406  0.001432658
   -3   -3    0  0.013429406  0.001432658
    3    3    0  0.013429406  0.001432658
    4   -2    0  0.021512349  0.001660469
   -4    2    0  0.021512349  0.001660469
    4    2    0  0.021512349  0.001660469
   -2   -4    0  0.021512349  0.001660469
    2   -4    0  0.021512349  0.001660469
    2    4    0  0.021512349  0.001660469
   -2    4    0  0.021512349  0.001660469
   -4   -2    0  0.021512349  0.001660469
   -4    3    0  0.002050357  0.000486670
    4   -3    0  0.002050357  0.000486670
    0   -5    0  0.002050357  0.000486670
   -3   -4    0  0.002050357  0.000486670
    4    3    0  0.002050357  0.000486670
   -5    0    0  0.002050357  0.000486670
    3    4    0  0.002050357  0.000486670
   -3    4    0  0.002050357  0.000486670
    0    5    0  0.002050357  0.000486670
   -4   -3    0  0.002050357  0.000486670
    5    0    0  0.002050357  0.000486670
    3   -4    0  0.002050357  0.000486670
   -1    5    0  0.009613750  0.001203623
   -1   -5    0  0.009613750  0.001203623
    5   -1    0  0.009613750  0.001203623
    1    5    0  0.009613750  0.001203623
    5    1    0  0.009613750  0.001203623
   -5   -1    0  0.009613750  0.001203623
   -5    1    0  0.009613750  0.001203623
    1   -5    0  0.009613750  0.001203623
    5   -2    0  0.002123875  0.000487994
    5    2    0  0.002123875  0.000487994
   -2   -5    0  0.002123875  0.000487994
   -5    2    0  0.002123875  0.000487994
    2   -5    0  0.002123875  0.000487994
   -2    5    0  0.002123875  0.000487994
    2    5    0  0.002123875  0.000487994
   -5   -2    0  0.002123875  0.000487994
    4    4    0  0.012840307  0.001250641
   -4   -4    0  0.012840307  0.001250641
    4   -4    0  0.012840307  0.001250641
   -4    4    0  0.012840307  0.001250641
   -5   -3    0  0.007347639  0.001023642
    5   -3    0  0.007347639  0.001023642
    3   -5    0  0.007347639  0.001023642
   -3    5    0  0.007347639  0.001023642
    3    5    0  0.007347639  0.001023642
   -3   -5    0  0.007347639  0.001023642
   -5    3    0  0.007347639  0.001023642
    5    3    0  0.007347639  0.001023642
    0    6    0  0.011130203  0.001145101
   -6    0    0  0.011130203  0.001145101
    0   -6    0  0.011130203  0.001145101
    6    0    0  0.011130203  0.001145101
   -6    1    0  0.002143338  0.000479985
   -1    6    0  0.002143338  0.000479985
    6    1    0  0.002143338  0.000479985
    1   -6    0  0.002143338  0.000479985
   -1   -6    0  0.002143338  0.000479985
   -6   -1    0  0.002143338  0.000479985
    1    6    0  0.002143338  0.000479985
    6   -1    0  0.002143338  0.000479985
    2   -6    0  0.009744920  0.001051056
   -2   -6    0  0.009744920  0.001051056
   -6    2    0  0.009744920  0.001051056
    6    2    0  0.009744920  0.001051056
    6   -2    0  0.009744920  0.001051056
   -6   -2    0  0.009744920  0.001051056
   -2    6    0  0.009744920  0.001051056
    2    6    0  0.009744920  0.001051056
   -4   -5    0  0.002113635  0.000472202
    5    4    0  0.002113635  0.000472202
   -5   -4    0  0.002113635  0.000472202
   -5    4    0  0.002113635  0.000472202
    4   -5    0  0.002113635  0.000472202
    4    5    0  0.002113635  0.000472202
   -4    5    0  0.002113635  0.000472202
    5   -4    0  0.002113635  0.000472202
    3    6    0  0.002068285  0.000462662
   -3   -6    0  0.002068285  0.000462662
    3   -6    0  0.002068285  0.000462662
    6   -3    0  0.002068285  0.000462662
    6    3    0  0.002068285  0.000462662
   -3    6    0  0.002068285  0.000462662
   -6   -3    0  0.002068285  0.000462662
   -6    3    0  0.002068285  0.000462662
   -7    0    0  0.002012487  0.000451791
    0   -7    0  0.002012487  0.000451791
    0    7    0  0.002012487  0.000451791
    7    0    0  0.002012487  0.000451791
    5    5    0  0.004776218  0.000758650
    5   -5    0  0.004776218  0.000758650
   -5    5    0  0.004776218  0.000758650
   -5   -5    0  0.004776218  0.000758650
   -7    1    0  0.004776218  0.000758650
   -1    7    0  0.004776218  0.000758650
   -7   -1    0  0.004776218  0.000758650
    7    1    0  0.004776218  0.000758650
   -1   -7    0  0.004776218  0.000758650
    1    7    0  0.004776218  0.000758650
    1   -7    0  0.004776218  0.000758650
    7   -1    0  0.004776218  0.000758650
    6    4    0  0.006842032  0.000822624
   -4    6    0  0.006842032  0.000822624
   -4   -6    0  0.006842032  0.000822624
    6   -4    0  0.006842032  0.000822624
   -6   -4    0  0.006842032  0.000822624
    4   -6    0  0.006842032  0.000822624
   -6    4    0  0.006842032  0.000822624
    4    6    0  0.006842032  0.000822624
   -7    2    0  0.001949978  0.000439929
    7    2    0  0.001949978  0.000439929
   -2    7    0  0.001949978  0.000439929
    7   -2    0  0.001949978  0.000439929
   -7   -2    0  0.001949978  0.000439929
    2    7    0  0.001949978  0.000439929
   -2   -7    0  0.001949978  0.000439929
    2   -7    0  0.001949978  0.000439929
    3   -7    0  0.003978821  0.000658736
   -3    7    0  0.003978821  0.000658736
   -3   -7    0  0.003978821  0.000658736
    3    7    0  0.003978821  0.000658736
    7    3    0  0.003978821  0.000658736
   -7    3    0  0.003978821  0.000658736
   -7   -3    0  0.003978821  0.000658736
    7   -3    0  0.003978821  0.000658736
   -5    6    0  0.001814827  0.000414271
    5   -6    0  0.001814827  0.000414271
   -6    5    0  0.001814827  0.000414271
    6    5    0  0.001814827  0.000414271
   -5   -6    0  0.001814827  0.000414271
    6   -5    0  0.001814827  0.000414271
    5    6    0  0.001814827  0.000414271
   -6   -5    0  0.001814827  0.000414271
   -8    0    0  0.005039425  0.000652864
    0    8    0  0.005039425  0.000652864
    8    0    0  0.005039425  0.000652864
    0   -8    0  0.005039425  0.000652864
   -8   -1    0  0.001745512  0.000400872
    7   -4    0  0.001745512  0.000400872
    7    4    0  0.001745512  0.000400872
   -1   -8    0  0.001745512  0.000400872
    8    1    0  0.001745512  0.000400872
    4    7    0  0.001745512  0.000400872
   -4    7    0  0.001745512  0.000400872
    4   -7    0  0.001745512  0.000400872
    1   -8    0  0.001745512  0.000400872
    8   -1    0  0.001745512  0.000400872
    1    8    0  0.001745512  0.000400872
   -7   -4    0  0.001745512  0.000400872
   -8    1    0  0.001745512  0.000400872
   -7    4    0  0.001745512  0.000400872
