    0    0    0  0.000000000  0.003046582
   -1   -1    1  0.041418492  0.049386885
    1    1    1  0.041418492  0.049386885
   -1   -1   -1  0.044347854 -0.046431632
    1    1   -1  0.044347854 -0.046431632
    0    0    2 -0.004683388  0.000011234
    0    0   -2 -0.004683388  0.000011234
   -2   -2    0  0.060012124  0.002786241
    2    2    0  0.060012124  0.002786241
    1    1    3  0.025632983 -0.025132338
    1    1   -3  0.022931864  0.027832586
   -1   -1   -3  0.022931864  0.027832586
   -1   -1    3  0.025632983 -0.025132338
   -2   -2   -2 -0.001985596 -0.000002058
    2    2    2 -0.001985596 -0.000002058
    2    2   -2 -0.001985596 -0.000002058
   -2   -2    2 -0.001985596 -0.000002058
    0    0   -4  0.041037660  0.002568537
    0    0    4  0.041037660  0.002568537
   -3   -3   -1  0.019204931 -0.017832110
    3    3    1  0.016697422  0.020313645
   -3   -3    1  0.016697422  0.020313645
    3    3   -1  0.019204931 -0.017832110
   -2   -2   -4  0.031992522  0.002378579
    2    2    4  0.031992522  0.002378579
   -2   -2    4  0.031992522  0.002378579
    2    2   -4  0.031992522  0.002378579
   -1   -1   -5  0.015586583 -0.014063047
    1    1    5  0.013249302  0.016351663
   -1   -1    5  0.013249302  0.016351663
    1    1   -5  0.015586583 -0.014063047
    3    3   -3  0.013249302  0.016351663
   -3   -3   -3  0.013249302  0.016351663
   -3   -3    3  0.015586583 -0.014063047
    3    3    3  0.015586583 -0.014063047
   -4   -4    0  0.026390841  0.002209350
    4    4    0  0.026390841  0.002209350
    0    0    6 -0.000671906 -0.000035472
   -4   -4   -2 -0.000671906 -0.000035472
    4    4   -2 -0.000671906 -0.000035472
    4    4    2 -0.000671906 -0.000035472
    0    0   -6 -0.000671906 -0.000035472
   -4   -4    2 -0.000671906 -0.000035472
   -3   -3    5  0.009268514  0.011912763
    3    3    5  0.009268514  0.011912763
   -3   -3   -5  0.011314751 -0.009952469
    3    3   -5  0.011314751 -0.009952469
   -2   -2   -6 -0.000638511 -0.000043964
   -2   -2    6 -0.000638511 -0.000043964
    2    2    6 -0.000638511 -0.000043964
    2    2   -6 -0.000638511 -0.000043964
    4    4   -4  0.019440460  0.001918128
    4    4    4  0.019440460  0.001918128
   -4   -4    4  0.019440460  0.001918128
   -4   -4   -4  0.019440460  0.001918128
    5    5    1  0.007970586  0.010468315
   -5   -5    1  0.007970586  0.010468315
    5    5   -1  0.009890285 -0.008649393
   -5   -5   -1  0.009890285 -0.008649393
   -1   -1   -7  0.007970586  0.010468315
    1    1    7  0.009890285 -0.008649393
   -1   -1    7  0.009890285 -0.008649393
    1    1   -7  0.007970586  0.010468315
    5    5    3  0.008737787 -0.007615823
   -5   -5    3  0.008737787 -0.007615823
   -5   -5   -3  0.006934392  0.009305836
    5    5   -3  0.006934392  0.009305836
    0    0    8  0.015131665  0.001675206
    0    0   -8  0.015131665  0.001675206
   -3   -3    7  0.007783661 -0.006772707
    3    3    7  0.007783661 -0.006772707
    3    3   -7  0.006087609  0.008344755
   -3   -3   -7  0.006087609  0.008344755
    4    4    6 -0.000622862 -0.000062602
    4    4   -6 -0.000622862 -0.000062602
   -4   -4   -6 -0.000622862 -0.000062602
   -4   -4    6 -0.000622862 -0.000062602
   -2   -2    8  0.013521101  0.001568182
    2    2   -8  0.013521101  0.001568182
   -2   -2   -8  0.013521101  0.001568182
    2    2    8  0.013521101  0.001568182
   -6   -6    0  0.013521101  0.001568182
    6    6    0  0.013521101  0.001568182
    5    5   -5  0.006980322 -0.006070645
   -5   -5   -5  0.006980322 -0.006070645
    5    5    5  0.005383674  0.007534422
   -5   -5    5  0.005383674  0.007534422
   -6   -6   -2 -0.000620080 -0.000066933
    6    6    2 -0.000620080 -0.000066933
    6    6   -2 -0.000620080 -0.000066933
   -6   -6    2 -0.000620080 -0.000066933
    1    1    9  0.004790714  0.006840846
    1    1   -9  0.006295060 -0.005476692
   -1   -1   -9  0.006295060 -0.005476692
   -1   -1    9  0.004790714  0.006840846
    6    6   -4  0.010993810  0.001377911
   -6   -6   -4  0.010993810  0.001377911
    6    6    4  0.010993810  0.001377911
   -6   -6    4  0.010993810  0.001377911
   -4   -4   -8  0.009985898  0.001293091
   -4   -4    8  0.009985898  0.001293091
    4    4   -8  0.009985898  0.001293091
    4    4    8  0.009985898  0.001293091
   -5   -5   -7  0.003852335  0.005714691
    5    5   -7  0.003852335  0.005714691
   -5   -5    7  0.005190660 -0.004527288
    5    5    7  0.005190660 -0.004527288
    7    7    1  0.003852335  0.005714691
   -7   -7    1  0.003852335  0.005714691
    3    3    9  0.003852335  0.005714691
   -3   -3   -9  0.005190660 -0.004527288
    7    7   -1  0.005190660 -0.004527288
    3    3   -9  0.005190660 -0.004527288
   -3   -3    9  0.003852335  0.005714691
   -7   -7   -1  0.005190660 -0.004527288
    0    0   10 -0.000598178 -0.000075720
    0    0  -10 -0.000598178 -0.000075720
    7    7   -3  0.003477139  0.005251474
    7    7    3  0.004740621 -0.004142631
   -7   -7    3  0.004740621 -0.004142631
   -7   -7   -3  0.003477139  0.005251474
   -2   -2  -10 -0.000586637 -0.000077518
   -2   -2   10 -0.000586637 -0.000077518
    2    2   10 -0.000586637 -0.000077518
    2    2  -10 -0.000586637 -0.000077518
    6    6    6 -0.000586637 -0.000077518
   -6   -6    6 -0.000586637 -0.000077518
    6    6   -6 -0.000586637 -0.000077518
   -6   -6   -6 -0.000586637 -0.000077518
   -7   -7    5  0.002863987  0.004473197
   -7   -7   -5  0.003991830 -0.003504784
    1    1   11  0.003991830 -0.003504784
    1    1  -11  0.002863987  0.004473197
   -1   -1   11  0.003991830 -0.003504784
    7    7   -5  0.003991830 -0.003504784
    7    7    5  0.002863987  0.004473197
   -1   -1  -11  0.002863987  0.004473197
    8    8    0  0.007046123  0.001008763
   -8   -8    0  0.007046123  0.001008763
    5    5   -9  0.003678104 -0.003238201
    5    5    9  0.002611812  0.004143777
   -5   -5   -9  0.003678104 -0.003238201
   -5   -5    9  0.002611812  0.004143777
   -4   -4  -10 -0.000544103 -0.000080415
    4    4  -10 -0.000544103 -0.000080415
    4    4   10 -0.000544103 -0.000080415
   -4   -4   10 -0.000544103 -0.000080415
   -8   -8   -2 -0.000544103 -0.000080415
    8    8   -2 -0.000544103 -0.000080415
    8    8    2 -0.000544103 -0.000080415
   -8   -8    2 -0.000544103 -0.000080415
    6    6    8  0.006504514  0.000949141
    6    6   -8  0.006504514  0.000949141
   -6   -6    8  0.006504514  0.000949141
   -6   -6   -8  0.006504514  0.000949141
    3    3  -11  0.002388674  0.003846858
    3    3   11  0.003397156 -0.002999757
   -3   -3   11  0.003397156 -0.002999757
   -3   -3  -11  0.002388674  0.003846858
    8    8   -4  0.006018682  0.000893365
    0    0  -12  0.006018682  0.000893365
    8    8    4  0.006018682  0.000893365
    0    0   12  0.006018682  0.000893365
   -8   -8    4  0.006018682  0.000893365
   -8   -8   -4  0.006018682  0.000893365
   -7   -7   -7  0.002190378  0.003578177
    7    7    7  0.003144509 -0.002785552
   -7   -7    7  0.003144509 -0.002785552
    7    7   -7  0.002190378  0.003578177
    2    2  -12  0.005581156  0.000841134
    2    2   12  0.005581156  0.000841134
   -2   -2   12  0.005581156  0.000841134
   -2   -2  -12  0.005581156  0.000841134
    9    9    1  0.001855047  0.003111925
   -9   -9   -1  0.002709854 -0.002417516
    9    9   -1  0.002709854 -0.002417516
   -9   -9    1  0.001855047  0.003111925
   -8   -8   -6 -0.000480273 -0.000080137
   -8   -8    6 -0.000480273 -0.000080137
    8    8    6 -0.000480273 -0.000080137
    8    8   -6 -0.000480273 -0.000080137
    5    5  -11  0.001712720  0.002908863
   -5   -5  -11  0.001712720  0.002908863
   -5   -5   11  0.002522111 -0.002258747
   -1   -1   13  0.001712720  0.002908863
    1    1  -13  0.002522111 -0.002258747
    5    5   11  0.002522111 -0.002258747
   -1   -1  -13  0.002522111 -0.002258747
    1    1   13  0.001712720  0.002908863
    9    9    3  0.002522111 -0.002258747
    9    9   -3  0.001712720  0.002908863
   -9   -9   -3  0.001712720  0.002908863
   -9   -9    3  0.002522111 -0.002258747
    6    6  -10 -0.000464422 -0.000079556
   -6   -6  -10 -0.000464422 -0.000079556
    6    6   10 -0.000464422 -0.000079556
   -6   -6   10 -0.000464422 -0.000079556
    4    4   12  0.004500956  0.000703116
   -4   -4  -12  0.004500956  0.000703116
    4    4  -12  0.004500956  0.000703116
   -4   -4   12  0.004500956  0.000703116
    7    7   -9  0.002350992 -0.002114150
    7    7    9  0.001584446  0.002722855
   -7   -7   -9  0.002350992 -0.002114150
   -7   -7    9  0.001584446  0.002722855
    3    3   13  0.001468502  0.002552057
   -3   -3   13  0.001468502  0.002552057
   -3   -3  -13  0.002194600 -0.001982095
    3    3  -13  0.002194600 -0.001982095
   -9   -9    5  0.001468502  0.002552057
    9    9   -5  0.002194600 -0.001982095
    9    9    5  0.001468502  0.002552057
   -9   -9   -5  0.002194600 -0.001982095
   -8   -8    8  0.003931425  0.000624488
   -8   -8   -8  0.003931425  0.000624488
    8    8   -8  0.003931425  0.000624488
    8    8    8  0.003931425  0.000624488
    0    0   14 -0.000418843 -0.000076969
    0    0  -14 -0.000418843 -0.000076969
   10   10    0  0.003682054  0.000588635
  -10  -10    0  0.003682054  0.000588635
   10   10    2 -0.000404483 -0.000075887
   10   10   -2 -0.000404483 -0.000075887
  -10  -10   -2 -0.000404483 -0.000075887
  -10  -10    2 -0.000404483 -0.000075887
    2    2  -14 -0.000404483 -0.000075887
   -2   -2   14 -0.000404483 -0.000075887
    2    2   14 -0.000404483 -0.000075887
   -2   -2  -14 -0.000404483 -0.000075887
   -9   -9    7  0.001798567 -0.001648134
    9    9    7  0.001798567 -0.001648134
   -9   -9   -7  0.001180966  0.002115996
    9    9   -7  0.001180966  0.002115996
  -10  -10   -4  0.003242034  0.000523080
   10   10   -4  0.003242034  0.000523080
  -10  -10    4  0.003242034  0.000523080
   10   10    4  0.003242034  0.000523080
    6    6   12  0.003242034  0.000523080
    6    6  -12  0.003242034  0.000523080
   -6   -6  -12  0.003242034  0.000523080
   -6   -6   12  0.003242034  0.000523080
    5    5  -13  0.001686849 -0.001554036
   -5   -5   13  0.001101578  0.001992030
    5    5   13  0.001101578  0.001992030
   -5   -5  -13  0.001686849 -0.001554036
    7    7   11  0.001686849 -0.001554036
    7    7  -11  0.001101578  0.001992030
   -7   -7   11  0.001686849 -0.001554036
   -7   -7  -11  0.001101578  0.001992030
    1    1   15  0.001583617 -0.001467123
    1    1  -15  0.001028957  0.001877091
   -1   -1  -15  0.001028957  0.001877091
   -1   -1   15  0.001583617 -0.001467123
   -8   -8  -10 -0.000364228 -0.000072180
   -4   -4  -14 -0.000364228 -0.000072180
    4    4  -14 -0.000364228 -0.000072180
   -4   -4   14 -0.000364228 -0.000072180
    8    8   10 -0.000364228 -0.000072180
    4    4   14 -0.000364228 -0.000072180
    8    8  -10 -0.000364228 -0.000072180
   -8   -8   10 -0.000364228 -0.000072180
  -10  -10   -6 -0.000351765 -0.000070830
  -10  -10    6 -0.000351765 -0.000070830
   10   10   -6 -0.000351765 -0.000070830
   10   10    6 -0.000351765 -0.000070830
   -3   -3   15  0.001399454 -0.001312131
    3    3   15  0.001399454 -0.001312131
    3    3  -15  0.000901272  0.001671085
   -3   -3  -15  0.000901272  0.001671085
   -9   -9    9  0.000901272  0.001671085
    9    9   -9  0.001399454 -0.001312131
  -11  -11   -1  0.001399454 -0.001312131
   11   11   -1  0.001399454 -0.001312131
   -9   -9   -9  0.001399454 -0.001312131
    9    9    9  0.000901272  0.001671085
  -11  -11    1  0.000901272  0.001671085
   11   11    1  0.000901272  0.001671085
   11   11   -3  0.000845045  0.001578634
  -11  -11    3  0.001317172 -0.001242889
  -11  -11   -3  0.000845045  0.001578634
   11   11    3  0.001317172 -0.001242889
    0    0   16  0.002403514  0.000389242
    0    0  -16  0.002403514  0.000389242
  -10  -10    8  0.002270193  0.000366792
   10   10    8  0.002270193  0.000366792
  -10  -10   -8  0.002270193  0.000366792
   10   10   -8  0.002270193  0.000366792
   -2   -2   16  0.002270193  0.000366792
    2    2  -16  0.002270193  0.000366792
    2    2   16  0.002270193  0.000366792
   -2   -2  -16  0.002270193  0.000366792
  -11  -11    5  0.000745418  0.001411912
   -7   -7  -13  0.001169386 -0.001118486
   11   11   -5  0.001169386 -0.001118486
    7    7   13  0.000745418  0.001411912
   -7   -7   13  0.000745418  0.001411912
   11   11    5  0.000745418  0.001411912
    7    7  -13  0.001169386 -0.001118486
  -11  -11   -5  0.001169386 -0.001118486
   -6   -6   14 -0.000306488 -0.000065086
    6    6   14 -0.000306488 -0.000065086
   -6   -6  -14 -0.000306488 -0.000065086
    6    6  -14 -0.000306488 -0.000065086
   -8   -8  -12  0.002146024  0.000345579
   -8   -8   12  0.002146024  0.000345579
    8    8   12  0.002146024  0.000345579
    8    8  -12  0.002146024  0.000345579
    5    5   15  0.001102933 -0.001062509
   -5   -5   15  0.001102933 -0.001062509
   -5   -5  -15  0.000701221  0.001336652
    5    5  -15  0.000701221  0.001336652
   -9   -9  -11  0.000660312  0.001266215
    9    9  -11  0.000660312  0.001266215
   -9   -9   11  0.001040892 -0.001010211
    9    9   11  0.001040892 -0.001010211
   -4   -4  -16  0.001922100  0.000306567
    4    4   16  0.001922100  0.000306567
  -12  -12    0  0.001922100  0.000306567
    4    4  -16  0.001922100  0.000306567
   12   12    0  0.001922100  0.000306567
   -4   -4   16  0.001922100  0.000306567
    1    1   17  0.000622393  0.001200222
   -1   -1   17  0.000622393  0.001200222
   -1   -1  -17  0.000982904 -0.000961282
    1    1  -17  0.000982904 -0.000961282
   11   11    7  0.000982904 -0.000961282
  -11  -11   -7  0.000622393  0.001200222
  -11  -11    7  0.000982904 -0.000961282
   11   11   -7  0.000622393  0.001200222
   12   12   -2 -0.000276941 -0.000060598
   12   12    2 -0.000276941 -0.000060598
  -12  -12    2 -0.000276941 -0.000060598
  -12  -12   -2 -0.000276941 -0.000060598
   10   10   10 -0.000267847 -0.000059093
  -10  -10  -10 -0.000267847 -0.000059093
  -10  -10   10 -0.000267847 -0.000059093
   10   10  -10 -0.000267847 -0.000059093
  -12  -12   -4  0.001726412  0.000271669
   12   12    4  0.001726412  0.000271669
   12   12   -4  0.001726412  0.000271669
  -12  -12    4  0.001726412  0.000271669
    3    3  -17  0.000877823 -0.000872455
    3    3   17  0.000554498  0.001080222
   -3   -3   17  0.000554498  0.001080222
   -3   -3  -17  0.000877823 -0.000872455
   -7   -7   15  0.000785460 -0.000794126
    7    7  -15  0.000495734  0.000974268
    7    7   15  0.000785460 -0.000794126
   -7   -7  -15  0.000495734  0.000974268
  -11  -11   -9  0.000785460 -0.000794126
   11   11   -9  0.000785460 -0.000794126
  -11  -11    9  0.000495734  0.000974268
   11   11    9  0.000495734  0.000974268
   12   12   -6 -0.000242606 -0.000054607
  -12  -12    6 -0.000242606 -0.000054607
  -12  -12   -6 -0.000242606 -0.000054607
   12   12    6 -0.000242606 -0.000054607
    0    0   18 -0.000242606 -0.000054607
    0    0  -18 -0.000242606 -0.000054607
   -8   -8   14 -0.000242606 -0.000054607
   -8   -8  -14 -0.000242606 -0.000054607
    8    8  -14 -0.000242606 -0.000054607
    8    8   14 -0.000242606 -0.000054607
   -6   -6   16  0.001476588  0.000226036
    6    6   16  0.001476588  0.000226036
   -6   -6  -16  0.001476588  0.000226036
    6    6  -16  0.001476588  0.000226036
    9    9   13  0.000469309  0.000925929
    9    9  -13  0.000743464 -0.000758401
   -9   -9  -13  0.000743464 -0.000758401
   -9   -9   13  0.000469309  0.000925929
    2    2  -18 -0.000234822 -0.000053129
   -2   -2  -18 -0.000234822 -0.000053129
    2    2   18 -0.000234822 -0.000053129
   -2   -2   18 -0.000234822 -0.000053129
   13   13   -1  0.000703986 -0.000724740
   13   13    1  0.000444643  0.000880390
  -13  -13    1  0.000444643  0.000880390
  -13  -13   -1  0.000703986 -0.000724740
    5    5   17  0.000444643  0.000880390
    5    5  -17  0.000703986 -0.000724740
   -5   -5   17  0.000444643  0.000880390
   -5   -5  -17  0.000703986 -0.000724740
   10   10   12  0.001334258  0.000199517
  -10  -10  -12  0.001334258  0.000199517
   10   10  -12  0.001334258  0.000199517
  -10  -10   12  0.001334258  0.000199517
   13   13   -3  0.000421596  0.000837456
   13   13    3  0.000666849 -0.000692992
  -13  -13   -3  0.000421596  0.000837456
  -13  -13    3  0.000666849 -0.000692992
   12   12    8  0.001269316  0.000187300
   12   12   -8  0.001269316  0.000187300
  -12  -12    8  0.001269316  0.000187300
  -12  -12   -8  0.001269316  0.000187300
    4    4   18 -0.000213165 -0.000048780
   -4   -4   18 -0.000213165 -0.000048780
   -4   -4  -18 -0.000213165 -0.000048780
    4    4  -18 -0.000213165 -0.000048780
   -1   -1   19  0.000598947 -0.000634692
   -1   -1  -19  0.000379860  0.000758699
    1    1  -19  0.000379860  0.000758699
    1    1   19  0.000598947 -0.000634692
   13   13    5  0.000379860  0.000758699
  -13  -13    5  0.000379860  0.000758699
   13   13   -5  0.000598947 -0.000634692
  -13  -13   -5  0.000598947 -0.000634692
  -11  -11  -11  0.000379860  0.000758699
   11   11  -11  0.000379860  0.000758699
  -11  -11   11  0.000598947 -0.000634692
   11   11   11  0.000598947 -0.000634692
    3    3  -19  0.000343217  0.000688394
    3    3   19  0.000538602 -0.000582533
   -3   -3   19  0.000538602 -0.000582533
   -3   -3  -19  0.000343217  0.000688394
   -8   -8  -16  0.001044586  0.000144533
    8    8  -16  0.001044586  0.000144533
    8    8   16  0.001044586  0.000144533
   -8   -8   16  0.001044586  0.000144533
  -13  -13   -7  0.000326571  0.000656071
   -7   -7   17  0.000326571  0.000656071
    7    7  -17  0.000510952 -0.000558499
   13   13   -7  0.000326571  0.000656071
    9    9   15  0.000510952 -0.000558499
   -9   -9  -15  0.000326571  0.000656071
  -13  -13    7  0.000510952 -0.000558499
   -7   -7  -17  0.000510952 -0.000558499
    7    7   17  0.000326571  0.000656071
   -9   -9   15  0.000510952 -0.000558499
   13   13    7  0.000510952 -0.000558499
    9    9  -15  0.000326571  0.000656071
  -12  -12  -10 -0.000187785 -0.000043236
  -12  -12   10 -0.000187785 -0.000043236
   12   12  -10 -0.000187785 -0.000043236
   12   12   10 -0.000187785 -0.000043236
  -14  -14    0  0.000996004  0.000135206
   14   14    0  0.000996004  0.000135206
  -10  -10  -14 -0.000181992 -0.000041903
   10   10  -14 -0.000181992 -0.000041903
   10   10   14 -0.000181992 -0.000041903
  -10  -10   14 -0.000181992 -0.000041903
  -14  -14    2 -0.000181992 -0.000041903
    6    6  -18 -0.000181992 -0.000041903
   14   14    2 -0.000181992 -0.000041903
   -6   -6   18 -0.000181992 -0.000041903
   -6   -6  -18 -0.000181992 -0.000041903
    6    6   18 -0.000181992 -0.000041903
   14   14   -2 -0.000181992 -0.000041903
  -14  -14   -2 -0.000181992 -0.000041903
    0    0  -20  0.000950063  0.000126367
    0    0   20  0.000950063  0.000126367
    2    2  -20  0.000906592  0.000117990
   -2   -2  -20  0.000906592  0.000117990
   -2   -2   20  0.000906592  0.000117990
    2    2   20  0.000906592  0.000117990
   14   14    4  0.000906592  0.000117990
  -14  -14    4  0.000906592  0.000117990
   14   14   -4  0.000906592  0.000117990
  -14  -14   -4  0.000906592  0.000117990
    5    5  -19  0.000282400  0.000569030
    5    5   19  0.000436828 -0.000493532
   -5   -5  -19  0.000282400  0.000569030
   -5   -5   19  0.000436828 -0.000493532
  -11  -11  -13  0.000436828 -0.000493532
  -11  -11   13  0.000282400  0.000569030
   11   11  -13  0.000436828 -0.000493532
   11   11   13  0.000282400  0.000569030
   13   13    9  0.000269375  0.000542989
  -13  -13    9  0.000269375  0.000542989
   13   13   -9  0.000414757 -0.000474005
  -13  -13   -9  0.000414757 -0.000474005
   14   14   -6 -0.000160752 -0.000036803
  -14  -14   -6 -0.000160752 -0.000036803
   14   14    6 -0.000160752 -0.000036803
  -14  -14    6 -0.000160752 -0.000036803
    4    4   20  0.000789471  0.000095398
   -4   -4   20  0.000789471  0.000095398
    4    4  -20  0.000789471  0.000095398
   -4   -4  -20  0.000789471  0.000095398
   12   12  -12  0.000789471  0.000095398
  -12  -12  -12  0.000789471  0.000095398
  -12  -12   12  0.000789471  0.000095398
   12   12   12  0.000789471  0.000095398
  -15  -15    1  0.000224301  0.000451420
  -15  -15   -1  0.000337604 -0.000404871
   15   15    1  0.000224301  0.000451420
   15   15   -1  0.000337604 -0.000404871
   -9   -9  -17  0.000337604 -0.000404871
    9    9  -17  0.000337604 -0.000404871
    9    9   17  0.000224301  0.000451420
   -9   -9   17  0.000224301  0.000451420
    8    8  -18 -0.000146633 -0.000033233
   -8   -8   18 -0.000146633 -0.000033233
   -8   -8  -18 -0.000146633 -0.000033233
    8    8   18 -0.000146633 -0.000033233
   10   10   16  0.000689544  0.000076172
  -14  -14   -8  0.000689544  0.000076172
