    0    0    0  0.000000000  0.002946610
    0    1    0  0.001131255  0.000298994
    1    0    0  0.001131255  0.000298994
   -1    0    0  0.001131255  0.000298994
    0   -1    0  0.001131255  0.000298994
    1    1    0  0.055965095  0.002182472
   -1   -1    0  0.055965095  0.002182472
    1   -1    0  0.055965095  0.002182472
   -1    1    0  0.055965095  0.002182472
   -2    0    0  0.072047077  0.002605586
    0    2    0  0.072047077  0.002605586
    2    0    0  0.072047077  0.002605586
    0   -2    0  0.072047077  0.002605586
    1    2    0  0.000195963  0.000381570
   -1    2    0  0.000195963  0.000381570
   -2   -1    0  0.000195963  0.000381570
    2   -1    0  0.000195963  0.000381570
   -1   -2    0  0.000195963  0.000381570
    2    1    0  0.000195963  0.000381570
    1   -2    0  0.000195963  0.000381570
   -2    1    0  0.000195963  0.000381570
   -2   -2    0  0.047198115  0.002298746
    2    2    0  0.047198115  0.002298746
   -2    2    0  0.047198115  0.002298746
    2   -2    0  0.047198115  0.002298746
    0    3    0  0.000796493  0.000424289
    3    0    0  0.000796493  0.000424289
    0   -3    0  0.000796493  0.000424289
   -3    0    0  0.000796493  0.000424289
    1   -3    0  0.021354294  0.001738139
    1    3    0  0.021354294  0.001738139
   -1   -3    0  0.021354294  0.001738139
    3    1    0  0.021354294  0.001738139
   -1    3    0  0.021354294  0.001738139
   -3   -1    0  0.021354294  0.001738139
    3   -1    0  0.021354294  0.001738139
   -3    1    0  0.021354294  0.001738139
    3    2    0  0.001291631  0.000447300
    2    3    0  0.001291631  0.000447300
    2   -3    0  0.001291631  0.000447300
   -3    2    0  0.001291631  0.000447300
   -2   -3    0  0.001291631  0.000447300
   -2    3    0  0.001291631  0.000447300
    3   -2    0  0.001291631  0.000447300
   -3   -2    0  0.001291631  0.000447300
   -4    0    0  0.026806145  0.001838904
    0    4    0  0.026806145  0.001838904
    0   -4    0  0.026806145  0.001838904
    4    0    0  0.026806145  0.001838904
    1   -4    0  0.001648424  0.000468020
    4    1    0  0.001648424  0.000468020
    4   -1    0  0.001648424  0.000468020
    1    4    0  0.001648424  0.000468020
   -1    4    0  0.001648424  0.000468020
   -1   -4    0  0.001648424  0.000468020
   -4   -1    0  0.001648424  0.000468020
   -4    1    0  0.001648424  0.000468020
   -3    3    0  0.013401453  0.001432933
    3   -3    0  0.013401453  0.001432933
   -3   -3    0  0.013401453  0.001432933
    3    3    0  0.013401453  0.001432933
    4   -2    0  0.021594966  0.001660110
   -4    2    0  0.021594966  0.001660110
    4    2    0  0.021594966  0.001660110
   -2   -4    0  0.021594966  0.001660110
    2   -4    0  0.021594966  0.001660110
    2    4    0  0.021594966  0.001660110
   -2    4    0  0.021594966  0.001660110
   -4   -2    0  0.021594966  0.001660110
   -4    3    0  0.002024183  0.000486484
    4   -3    0  0.002024183  0.000486484
    0   -5    0  0.002024183  0.000486484
   -3   -4    0  0.002024183  0.000486484
    4    3    0  0.002024183  0.000486484
   -5    0    0  0.002024183  0.000486484
    3    4    0  0.002024183  0.000486484
   -3    4    0  0.002024183  0.000486484
    0    5    0  0.002024183  0.000486484
   -4   -3    0  0.002024183  0.000486484
    5    0    0  0.002024183  0.000486484
    3   -4    0  0.002024183  0.000486484
   -1    5    0  0.009587882  0.001203388
   -1   -5    0  0.009587882  0.001203388
    5   -1    0  0.009587882  0.001203388
    1    5    0  0.009587882  0.001203388
    5    1    0  0.009587882  0.001203388
   -5   -1    0  0.009587882  0.001203388
   -5    1    0  0.009587882  0.001203388
    1   -5    0  0.009587882  0.001203388
    5   -2    0  0.002098956  0.000487631
    5    2    0  0.002098956  0.000487631
   -2   -5    0  0.002098956  0.000487631
   -5    2    0  0.002098956  0.000487631
    2   -5    0  0.002098956  0.000487631
   -2    5    0  0.002098956  0.000487631
    2    5    0  0.002098956  0.000487631
   -5   -2    0  0.002098956  0.000487631
    4    4    0  0.012912147  0.001252036
   -4   -4    0  0.012912147  0.001252036
    4   -4    0  0.012912147  0.001252036
   -4    4    0  0.012912147  0.001252036
   -5   -3    0  0.007324342  0.001023121
    5   -3    0  0.007324342  0.001023121
    3   -5    0  0.007324342  0.001023121
   -3    5    0  0.007324342  0.001023121
    3    5    0  0.007324342  0.001023121
   -3   -5    0  0.007324342  0.001023121
   -5    3    0  0.007324342  0.001023121
    5    3    0  0.007324342  0.001023121
    0    6    0  0.011198150  0.001146806
   -6    0    0  0.011198150  0.001146806
    0   -6    0  0.011198150  0.001146806
    6    0    0  0.011198150  0.001146806
   -6    1    0  0.002121010  0.000479396
   -1    6    0  0.002121010  0.000479396
    6    1    0  0.002121010  0.000479396
    1   -6    0  0.002121010  0.000479396
   -1   -6    0  0.002121010  0.000479396
   -6   -1    0  0.002121010  0.000479396
    1    6    0  0.002121010  0.000479396
    6   -1    0  0.002121010  0.000479396
    2   -6    0  0.009809047  0.001052980
   -2   -6    0  0.009809047  0.001052980
   -6    2    0  0.009809047  0.001052980
    6    2    0  0.009809047  0.001052980
    6   -2    0  0.009809047  0.001052980
   -6   -2    0  0.009809047  0.001052980
   -2    6    0  0.009809047  0.001052980
    2    6    0  0.009809047  0.001052980
   -4   -5    0  0.002092571  0.000471546
    5    4    0  0.002092571  0.000471546
   -5   -4    0  0.002092571  0.000471546
   -5    4    0  0.002092571  0.000471546
    4   -5    0  0.002092571  0.000471546
    4    5    0  0.002092571  0.000471546
   -4    5    0  0.002092571  0.000471546
    5   -4    0  0.002092571  0.000471546
    3    6    0  0.002048440  0.000461962
   -3   -6    0  0.002048440  0.000461962
    3   -6    0  0.002048440  0.000461962
    6   -3    0  0.002048440  0.000461962
    6    3    0  0.002048440  0.000461962
   -3    6    0  0.002048440  0.000461962
   -6   -3    0  0.002048440  0.000461962
   -6    3    0  0.002048440  0.000461962
   -7    0    0  0.001993810  0.000451065
    0   -7    0  0.001993810  0.000451065
    0    7    0  0.001993810  0.000451065
    7    0    0  0.001993810  0.000451065
    5    5    0  0.004757824  0.000757920
    5   -5    0  0.004757824  0.000757920
   -5    5    0  0.004757824  0.000757920
   -5   -5    0  0.004757824  0.000757920
   -7    1    0  0.004757824  0.000757920
   -1    7    0  0.004757824  0.000757920
   -7   -1    0  0.004757824  0.000757920
    7    1    0  0.004757824  0.000757920
   -1   -7    0  0.004757824  0.000757920
    1    7    0  0.004757824  0.000757920
    1   -7    0  0.004757824  0.000757920
    7   -1    0  0.004757824  0.000757920
    6    4    0  0.006895549  0.000824832
   -4    6    0  0.006895549  0.000824832
   -4   -6    0  0.006895549  0.000824832
    6   -4    0  0.006895549  0.000824832
   -6   -4    0  0.006895549  0.000824832
    4   -6    0  0.006895549  0.000824832
   -6    4    0  0.006895549  0.000824832
    4    6    0  0.006895549  0.000824832
   -7    2    0  0.001932411  0.000439192
    7    2    0  0.001932411  0.000439192
   -2    7    0  0.001932411  0.000439192
    7   -2    0  0.001932411  0.000439192
   -7   -2    0  0.001932411  0.000439192
    2    7    0  0.001932411  0.000439192
   -2   -7    0  0.001932411  0.000439192
    2   -7    0  0.001932411  0.000439192
    3   -7    0  0.003962561  0.000657998
   -3    7    0  0.003962561  0.000657998
   -3   -7    0  0.003962561  0.000657998
    3    7    0  0.003962561  0.000657998
    7    3    0  0.003962561  0.000657998
   -7    3    0  0.003962561  0.000657998
   -7   -3    0  0.003962561  0.000657998
    7   -3    0  0.003962561  0.000657998
   -5    6    0  0.001799309  0.000413540
    5   -6    0  0.001799309  0.000413540
   -6    5    0  0.001799309  0.000413540
    6    5    0  0.001799309  0.000413540
   -5   -6    0  0.001799309  0.000413540
    6   -5    0  0.001799309  0.000413540
    5    6    0  0.001799309  0.000413540
   -6   -5    0  0.001799309  0.000413540
   -8    0    0  0.005083850  0.000655026
    0    8    0  0.005083850  0.000655026
    8    0    0  0.005083850  0.000655026
    0   -8    0  0.005083850  0.000655026
   -8   -1    0  0.001730933  0.000400155
    7   -4    0  0.001730933  0.000400155
    7    4    0  0.001730933  0.000400155
   -1   -8    0  0.001730933  0.000400155
    8    1    0  0.001730933  0.000400155
    4    7    0  0.001730933  0.000400155
   -4    7    0  0.001730933  0.000400155
    4   -7    0  0.001730933  0.000400155
    1   -8    0  0.001730933  0.000400155
    8   -1    0  0.001730933  0.000400155
    1    8    0  0.001730933  0.000400155
   -7   -4    0  0.001730933  0.000400155
   -8    1    0  0.001730933  0.000400155
   -7    4    0  0.001730933  0.000400155
