    0    0    0  0.000000000  0.003695627
   -1   -1    1  0.040876772  0.049415376
    1    1    1  0.040876772  0.049415376
   -1   -1   -1  0.044479025 -0.045934967
    1    1   -1  0.044479025 -0.045934967
    0    0    2 -0.004647807 -0.000061570
    0    0   -2 -0.004647807 -0.000061570
   -2   -2    0  0.059240851  0.003311600
    2    2    0  0.059240851  0.003311600
    1    1    3  0.025485504 -0.024451282
    1    1   -3  0.022232371  0.027570913
   -1   -1   -3  0.022232371  0.027570913
   -1   -1    3  0.025485504 -0.024451282
   -2   -2   -2 -0.001937999 -0.000067554
    2    2    2 -0.001937999 -0.000067554
    2    2   -2 -0.001937999 -0.000067554
   -2   -2    2 -0.001937999 -0.000067554
    0    0   -4  0.039989794  0.002994132
    0    0    4  0.039989794  0.002994132
   -3   -3   -1  0.018894033 -0.017083358
    3    3    1  0.015933678  0.019897248
   -3   -3    1  0.015933678  0.019897248
    3    3   -1  0.018894033 -0.017083358
   -2   -2   -4  0.030775100  0.002720544
    2    2    4  0.030775100  0.002720544
   -2   -2    4  0.030775100  0.002720544
    2    2   -4  0.030775100  0.002720544
   -1   -1   -5  0.015161614 -0.013277740
    1    1    5  0.012455498  0.015825343
   -1   -1    5  0.012455498  0.015825343
    1    1   -5  0.015161614 -0.013277740
    3    3   -3  0.012455498  0.015825343
   -3   -3   -3  0.012455498  0.015825343
   -3   -3    3  0.015161614 -0.013277740
    3    3    3  0.015161614 -0.013277740
   -4   -4    0  0.025060401  0.002479930
    4    4    0  0.025060401  0.002479930
    0    0    6 -0.000620238 -0.000084888
   -4   -4   -2 -0.000620238 -0.000084888
    4    4   -2 -0.000620238 -0.000084888
    4    4    2 -0.000620238 -0.000084888
    0    0   -6 -0.000620238 -0.000084888
   -4   -4    2 -0.000620238 -0.000084888
   -3   -3    5  0.008467722  0.011242969
    3    3    5  0.008467722  0.011242969
   -3   -3   -5  0.010747490 -0.009139858
    3    3   -5  0.010747490 -0.009139858
   -2   -2   -6 -0.000580493 -0.000088753
   -2   -2    6 -0.000580493 -0.000088753
    2    2    6 -0.000580493 -0.000088753
    2    2   -6 -0.000580493 -0.000088753
    4    4   -4  0.017988991  0.002073869
    4    4    4  0.017988991  0.002073869
   -4   -4    4  0.017988991  0.002073869
   -4   -4   -4  0.017988991  0.002073869
    5    5    1  0.007181784  0.009752969
   -5   -5    1  0.007181784  0.009752969
    5    5   -1  0.009279985 -0.007837347
   -5   -5   -1  0.009279985 -0.007837347
   -1   -1   -7  0.007181784  0.009752969
    1    1    7  0.009279985 -0.007837347
   -1   -1    7  0.009279985 -0.007837347
    1    1   -7  0.007181784  0.009752969
    5    5    3  0.008097247 -0.006810340
   -5   -5    3  0.008097247 -0.006810340
   -5   -5   -3  0.006163628  0.008557339
    5    5   -3  0.006163628  0.008557339
    0    0    8  0.013644253  0.001744245
    0    0   -8  0.013644253  0.001744245
   -3   -3    7  0.007122751 -0.005978093
    3    3    7  0.007122751 -0.005978093
    3    3   -7  0.005338912  0.007572920
   -3   -3   -7  0.005338912  0.007572920
    4    4    6 -0.000543576 -0.000094603
    4    4   -6 -0.000543576 -0.000094603
   -4   -4   -6 -0.000543576 -0.000094603
   -4   -4    6 -0.000543576 -0.000094603
   -2   -2    8  0.012035262  0.001602063
    2    2   -8  0.012035262  0.001602063
   -2   -2   -8  0.012035262  0.001602063
    2    2    8  0.012035262  0.001602063
   -6   -6    0  0.012035262  0.001602063
    6    6    0  0.012035262  0.001602063
    5    5   -5  0.006306719 -0.005289977
   -5   -5   -5  0.006306719 -0.005289977
    5    5    5  0.004659618  0.006747099
   -5   -5    5  0.004659618  0.006747099
   -6   -6   -2 -0.000534104 -0.000095005
    6    6    2 -0.000534104 -0.000095005
    6    6   -2 -0.000534104 -0.000095005
   -6   -6    2 -0.000534104 -0.000095005
    1    1    9  0.004092824  0.006044367
    1    1   -9  0.005614771 -0.004712153
   -1   -1   -9  0.005614771 -0.004712153
   -1   -1    9  0.004092824  0.006044367
    6    6   -4  0.009535663  0.001354530
   -6   -6   -4  0.009535663  0.001354530
    6    6    4  0.009535663  0.001354530
   -6   -6    4  0.009535663  0.001354530
   -4   -4   -8  0.008550048  0.001246572
   -4   -4    8  0.008550048  0.001246572
    4    4   -8  0.008550048  0.001246572
    4    4    8  0.008550048  0.001246572
   -5   -5   -7  0.003208520  0.004914348
    5    5   -7  0.003208520  0.004914348
   -5   -5    7  0.004510176 -0.003799034
    5    5    7  0.004510176 -0.003799034
    7    7    1  0.003208520  0.004914348
   -7   -7    1  0.003208520  0.004914348
    3    3    9  0.003208520  0.004914348
   -3   -3   -9  0.004510176 -0.003799034
    7    7   -1  0.004510176 -0.003799034
    3    3   -9  0.004510176 -0.003799034
   -3   -3    9  0.003208520  0.004914348
   -7   -7   -1  0.004510176 -0.003799034
    0    0   10 -0.000495442 -0.000093012
    0    0  -10 -0.000495442 -0.000093012
    7    7   -3  0.002860286  0.004454695
    7    7    3  0.004064845 -0.003433648
   -7   -7    3  0.004064845 -0.003433648
   -7   -7   -3  0.002860286  0.004454695
   -2   -2  -10 -0.000479562 -0.000091558
   -2   -2   10 -0.000479562 -0.000091558
    2    2   10 -0.000479562 -0.000091558
    2    2  -10 -0.000479562 -0.000091558
    6    6    6 -0.000479562 -0.000091558
   -6   -6    6 -0.000479562 -0.000091558
    6    6   -6 -0.000479562 -0.000091558
   -6   -6   -6 -0.000479562 -0.000091558
   -7   -7    5  0.002299484  0.003691363
   -7   -7   -5  0.003331959 -0.002835108
    1    1   11  0.003331959 -0.002835108
    1    1  -11  0.002299484  0.003691363
   -1   -1   11  0.003331959 -0.002835108
    7    7   -5  0.003331959 -0.002835108
    7    7    5  0.002299484  0.003691363
   -1   -1  -11  0.002299484  0.003691363
    8    8    0  0.005728522  0.000897287
   -8   -8    0  0.005728522  0.000897287
    5    5   -9  0.003028546 -0.002588165
    5    5    9  0.002072372  0.003372376
   -5   -5   -9  0.003028546 -0.002588165
   -5   -5    9  0.002072372  0.003372376
   -4   -4  -10 -0.000427589 -0.000085704
    4    4  -10 -0.000427589 -0.000085704
    4    4   10 -0.000427589 -0.000085704
   -4   -4   10 -0.000427589 -0.000085704
   -8   -8   -2 -0.000427589 -0.000085704
    8    8   -2 -0.000427589 -0.000085704
    8    8    2 -0.000427589 -0.000085704
   -8   -8    2 -0.000427589 -0.000085704
    6    6    8  0.005220161  0.000826858
    6    6   -8  0.005220161  0.000826858
   -6   -6    8  0.005220161  0.000826858
   -6   -6   -8  0.005220161  0.000826858
    3    3  -11  0.001873426  0.003087363
    3    3   11  0.002759038 -0.002369163
   -3   -3   11  0.002759038 -0.002369163
   -3   -3  -11  0.001873426  0.003087363
    8    8   -4  0.004768118  0.000761981
    0    0  -12  0.004768118  0.000761981
    8    8    4  0.004768118  0.000761981
    0    0   12  0.004768118  0.000761981
   -8   -8    4  0.004768118  0.000761981
   -8   -8   -4  0.004768118  0.000761981
   -7   -7   -7  0.001698403  0.002831766
    7    7    7  0.002518703 -0.002174103
   -7   -7    7  0.002518703 -0.002174103
    7    7   -7  0.001698403  0.002831766
    2    2  -12  0.004364613  0.000702166
    2    2   12  0.004364613  0.000702166
   -2   -2   12  0.004364613  0.000702166
   -2   -2  -12  0.004364613  0.000702166
    9    9    1  0.001406782  0.002394258
   -9   -9   -1  0.002110495 -0.001843187
    9    9   -1  0.002110495 -0.001843187
   -9   -9    1  0.001406782  0.002394258
   -8   -8   -6 -0.000358001 -0.000076003
   -8   -8    6 -0.000358001 -0.000076003
    8    8    6 -0.000358001 -0.000076003
    8    8   -6 -0.000358001 -0.000076003
    5    5  -11  0.001284892  0.002206470
   -5   -5  -11  0.001284892  0.002206470
   -5   -5   11  0.001936579 -0.001702300
   -1   -1   13  0.001284892  0.002206470
    1    1  -13  0.001936579 -0.001702300
    5    5   11  0.001936579 -0.001702300
   -1   -1  -13  0.001936579 -0.001702300
    1    1   13  0.001284892  0.002206470
    9    9    3  0.001936579 -0.001702300
    9    9   -3  0.001284892  0.002206470
   -9   -9   -3  0.001284892  0.002206470
   -9   -9    3  0.001936579 -0.001702300
    6    6  -10 -0.000341634 -0.000073437
   -6   -6  -10 -0.000341634 -0.000073437
    6    6   10 -0.000341634 -0.000073437
   -6   -6   10 -0.000341634 -0.000073437
    4    4   12  0.003385734  0.000548940
   -4   -4  -12  0.003385734  0.000548940
    4    4  -12  0.003385734  0.000548940
   -4   -4   12  0.003385734  0.000548940
    7    7   -9  0.001779528 -0.001575092
    7    7    9  0.001176131  0.002036132
   -7   -7   -9  0.001779528 -0.001575092
   -7   -7    9  0.001176131  0.002036132
    3    3   13  0.001078797  0.001881275
   -3   -3   13  0.001078797  0.001881275
   -3   -3  -13  0.001637349 -0.001459917
    3    3  -13  0.001637349 -0.001459917
   -9   -9    5  0.001078797  0.001881275
    9    9   -5  0.001637349 -0.001459917
    9    9    5  0.001078797  0.001881275
   -9   -9   -5  0.001637349 -0.001459917
   -8   -8    8  0.002881692  0.000465165
   -8   -8   -8  0.002881692  0.000465165
    8    8   -8  0.002881692  0.000465165
    8    8    8  0.002881692  0.000465165
    0    0   14 -0.000296110 -0.000065707
    0    0  -14 -0.000296110 -0.000065707
   10   10    0  0.002664170  0.000427918
  -10  -10    0  0.002664170  0.000427918
   10   10    2 -0.000282198 -0.000063162
   10   10   -2 -0.000282198 -0.000063162
  -10  -10   -2 -0.000282198 -0.000063162
  -10  -10    2 -0.000282198 -0.000063162
    2    2  -14 -0.000282198 -0.000063162
   -2   -2   14 -0.000282198 -0.000063162
    2    2   14 -0.000282198 -0.000063162
   -2   -2  -14 -0.000282198 -0.000063162
   -9   -9    7  0.001284113 -0.001173483
    9    9    7  0.001284113 -0.001173483
   -9   -9   -7  0.000841975  0.001493699
    9    9   -7  0.000841975  0.001493699
  -10  -10   -4  0.002285794  0.000361509
   10   10   -4  0.002285794  0.000361509
  -10  -10    4  0.002285794  0.000361509
   10   10    4  0.002285794  0.000361509
    6    6   12  0.002285794  0.000361509
    6    6  -12  0.002285794  0.000361509
   -6   -6  -12  0.002285794  0.000361509
   -6   -6   12  0.002285794  0.000361509
    5    5  -13  0.001186529 -0.001094195
   -5   -5   13  0.000777895  0.001385865
    5    5   13  0.000777895  0.001385865
   -5   -5  -13  0.001186529 -0.001094195
    7    7   11  0.001186529 -0.001094195
    7    7  -11  0.000777895  0.001385865
   -7   -7   11  0.001186529 -0.001094195
   -7   -7  -11  0.000777895  0.001385865
    1    1   15  0.001097297 -0.001021588
    1    1  -15  0.000719840  0.001286949
   -1   -1  -15  0.000719840  0.001286949
   -1   -1   15  0.001097297 -0.001021588
   -8   -8  -10 -0.000244228 -0.000055747
   -4   -4  -14 -0.000244228 -0.000055747
    4    4  -14 -0.000244228 -0.000055747
   -4   -4   14 -0.000244228 -0.000055747
    8    8   10 -0.000244228 -0.000055747
    4    4   14 -0.000244228 -0.000055747
    8    8  -10 -0.000244228 -0.000055747
   -8   -8   10 -0.000244228 -0.000055747
  -10  -10   -6 -0.000232774 -0.000053370
  -10  -10    6 -0.000232774 -0.000053370
   10   10   -6 -0.000232774 -0.000053370
   10   10    6 -0.000232774 -0.000053370
   -3   -3   15  0.000940614 -0.000893742
    3    3   15  0.000940614 -0.000893742
    3    3  -15  0.000619190  0.001112497
   -3   -3  -15  0.000619190  0.001112497
   -9   -9    9  0.000619190  0.001112497
    9    9   -9  0.000940614 -0.000893742
  -11  -11   -1  0.000940614 -0.000893742
   11   11   -1  0.000940614 -0.000893742
   -9   -9   -9  0.000940614 -0.000893742
    9    9    9  0.000619190  0.001112497
  -11  -11    1  0.000619190  0.001112497
   11   11    1  0.000619190  0.001112497
   11   11   -3  0.000575498  0.001035510
  -11  -11    3  0.000871764 -0.000837366
  -11  -11   -3  0.000575498  0.001035510
   11   11    3  0.000871764 -0.000837366
    0    0   16  0.001588290  0.000233758
    0    0  -16  0.001588290  0.000233758
  -10  -10    8  0.001480873  0.000213520
   10   10    8  0.001480873  0.000213520
  -10  -10   -8  0.001480873  0.000213520
   10   10   -8  0.001480873  0.000213520
   -2   -2   16  0.001480873  0.000213520
    2    2  -16  0.001480873  0.000213520
    2    2   16  0.001480873  0.000213520
   -2   -2  -16  0.001480873  0.000213520
  -11  -11    5  0.000499132  0.000898972
   -7   -7  -13  0.000750143 -0.000737351
   11   11   -5  0.000750143 -0.000737351
    7    7   13  0.000499132  0.000898972
   -7   -7   13  0.000499132  0.000898972
   11   11    5  0.000499132  0.000898972
    7    7  -13  0.000750143 -0.000737351
  -11  -11   -5  0.000750143 -0.000737351
   -6   -6   14 -0.000192384 -0.000044430
    6    6   14 -0.000192384 -0.000044430
   -6   -6  -14 -0.000192384 -0.000044430
    6    6  -14 -0.000192384 -0.000044430
   -8   -8  -12  0.001381851  0.000194754
   -8   -8   12  0.001381851  0.000194754
    8    8   12  0.001381851  0.000194754
    8    8  -12  0.001381851  0.000194754
    5    5   15  0.000696399 -0.000692928
   -5   -5   15  0.000696399 -0.000692928
   -5   -5  -15  0.000465720  0.000838397
    5    5  -15  0.000465720  0.000838397
   -9   -9  -11  0.000435068  0.000782355
    9    9  -11  0.000435068  0.000782355
   -9   -9   11  0.000646805 -0.000651776
    9    9   11  0.000646805 -0.000651776
   -4   -4  -16  0.001205993  0.000161216
    4    4   16  0.001205993  0.000161216
  -12  -12    0  0.001205993  0.000161216
    4    4  -16  0.001205993  0.000161216
   12   12    0  0.001205993  0.000161216
   -4   -4   16  0.001205993  0.000161216
    1    1   17  0.000406906  0.000730458
   -1   -1   17  0.000406906  0.000730458
   -1   -1  -17  0.000600995 -0.000613603
    1    1  -17  0.000600995 -0.000613603
   11   11    7  0.000600995 -0.000613603
  -11  -11   -7  0.000406906  0.000730458
  -11  -11    7  0.000600995 -0.000613603
   11   11   -7  0.000406906  0.000730458
   12   12   -2 -0.000167102 -0.000038376
   12   12    2 -0.000167102 -0.000038376
  -12  -12    2 -0.000167102 -0.000038376
  -12  -12   -2 -0.000167102 -0.000038376
   10   10   10 -0.000159503 -0.000036485
  -10  -10  -10 -0.000159503 -0.000036485
  -10  -10   10 -0.000159503 -0.000036485
   10   10  -10 -0.000159503 -0.000036485
  -12  -12   -4  0.001055490  0.000132381
   12   12    4  0.001055490  0.000132381
   12   12   -4  0.001055490  0.000132381
  -12  -12    4  0.001055490  0.000132381
    3    3  -17  0.000519451 -0.000545170
    3    3   17  0.000357124  0.000637731
   -3   -3   17  0.000357124  0.000637731
   -3   -3  -17  0.000519451 -0.000545170
   -7   -7   15  0.000449517 -0.000485844
    7    7  -15  0.000314758  0.000557799
    7    7   15  0.000449517 -0.000485844
   -7   -7  -15  0.000314758  0.000557799
  -11  -11   -9  0.000449517 -0.000485844
   11   11   -9  0.000449517 -0.000485844
  -11  -11    9  0.000314758  0.000557799
   11   11    9  0.000314758  0.000557799
   12   12   -6 -0.000138886 -0.000031193
  -12  -12    6 -0.000138886 -0.000031193
  -12  -12   -6 -0.000138886 -0.000031193
   12   12    6 -0.000138886 -0.000031193
    0    0   18 -0.000138886 -0.000031193
    0    0  -18 -0.000138886 -0.000031193
   -8   -8   14 -0.000138886 -0.000031193
   -8   -8  -14 -0.000138886 -0.000031193
    8    8  -14 -0.000138886 -0.000031193
    8    8   14 -0.000138886 -0.000031193
   -6   -6   16  0.000868315  0.000096551
    6    6   16  0.000868315  0.000096551
   -6   -6  -16  0.000868315  0.000096551
    6    6  -16  0.000868315  0.000096551
    9    9   13  0.000295943  0.000521999
    9    9  -13  0.000418318 -0.000459133
   -9   -9  -13  0.000418318 -0.000459133
   -9   -9   13  0.000295943  0.000521999
    2    2  -18 -0.000132677 -0.000029553
   -2   -2  -18 -0.000132677 -0.000029553
    2    2   18 -0.000132677 -0.000029553
   -2   -2   18 -0.000132677 -0.000029553
   13   13   -1  0.000389362 -0.000434179
   13   13    1  0.000278521  0.000488686
  -13  -13    1  0.000278521  0.000488686
  -13  -13   -1  0.000389362 -0.000434179
    5    5   17  0.000278521  0.000488686
    5    5  -17  0.000389362 -0.000434179
   -5   -5   17  0.000278521  0.000488686
   -5   -5  -17  0.000389362 -0.000434179
   10   10   12  0.000764531  0.000076834
  -10  -10  -12  0.000764531  0.000076834
   10   10  -12  0.000764531  0.000076834
  -10  -10   12  0.000764531  0.000076834
   13   13   -3  0.000262369  0.000457665
   13   13    3  0.000362472 -0.000410843
  -13  -13   -3  0.000262369  0.000457665
  -13  -13    3  0.000362472 -0.000410843
   12   12    8  0.000717949  0.000068055
   12   12   -8  0.000717949  0.000068055
  -12  -12    8  0.000717949  0.000068055
  -12  -12   -8  0.000717949  0.000068055
    4    4   18 -0.000115793 -0.000024992
   -4   -4   18 -0.000115793 -0.000024992
   -4   -4  -18 -0.000115793 -0.000024992
    4    4  -18 -0.000115793 -0.000024992
   -1   -1   19  0.000314253 -0.000368530
   -1   -1  -19  0.000233452  0.000401812
    1    1  -19  0.000233452  0.000401812
    1    1   19  0.000314253 -0.000368530
   13   13    5  0.000233452  0.000401812
  -13  -13    5  0.000233452  0.000401812
   13   13   -5  0.000314253 -0.000368530
  -13  -13   -5  0.000314253 -0.000368530
  -11  -11  -11  0.000233452  0.000401812
   11   11  -11  0.000233452  0.000401812
  -11  -11   11  0.000314253 -0.000368530
   11   11   11  0.000314253 -0.000368530
    3    3  -19  0.000208438  0.000353204
    3    3   19  0.000272528 -0.000331317
   -3   -3   19  0.000272528 -0.000331317
   -3   -3  -19  0.000208438  0.000353204
   -8   -8  -16  0.000560968  0.000039032
    8    8  -16  0.000560968  0.000039032
    8    8   16  0.000560968  0.000039032
   -8   -8   16  0.000560968  0.000039032
  -13  -13   -7  0.000197197  0.000331288
   -7   -7   17  0.000197197  0.000331288
    7    7  -17  0.000253801 -0.000314390
   13   13   -7  0.000197197  0.000331288
    9    9   15  0.000253801 -0.000314390
   -9   -9  -15  0.000197197  0.000331288
  -13  -13    7  0.000253801 -0.000314390
   -7   -7  -17  0.000253801 -0.000314390
    7    7   17  0.000197197  0.000331288
   -9   -9   15  0.000253801 -0.000314390
   13   13    7  0.000253801 -0.000314390
    9    9  -15  0.000197197  0.000331288
  -12  -12  -10 -0.000096800 -0.000019701
  -12  -12   10 -0.000096800 -0.000019701
   12   12  -10 -0.000096800 -0.000019701
   12   12   10 -0.000096800 -0.000019701
  -14  -14    0  0.000527985  0.000033096
   14   14    0  0.000527985  0.000033096
  -10  -10  -14 -0.000092594 -0.000018510
   10   10  -14 -0.000092594 -0.000018510
   10   10   14 -0.000092594 -0.000018510
  -10  -10   14 -0.000092594 -0.000018510
  -14  -14    2 -0.000092594 -0.000018510
    6    6  -18 -0.000092594 -0.000018510
   14   14    2 -0.000092594 -0.000018510
   -6   -6   18 -0.000092594 -0.000018510
   -6   -6  -18 -0.000092594 -0.000018510
    6    6   18 -0.000092594 -0.000018510
   14   14   -2 -0.000092594 -0.000018510
  -14  -14   -2 -0.000092594 -0.000018510
    0    0  -20  0.000497140  0.000027616
    0    0   20  0.000497140  0.000027616
    2    2  -20  0.000468279  0.000022561
   -2   -2  -20  0.000468279  0.000022561
   -2   -2   20  0.000468279  0.000022561
    2    2   20  0.000468279  0.000022561
   14   14    4  0.000468279  0.000022561
  -14  -14    4  0.000468279  0.000022561
   14   14   -4  0.000468279  0.000022561
  -14  -14   -4  0.000468279  0.000022561
    5    5  -19  0.000167766  0.000273761
    5    5   19  0.000204946 -0.000269401
   -5   -5  -19  0.000167766  0.000273761
   -5   -5   19  0.000204946 -0.000269401
  -11  -11  -13  0.000204946 -0.000269401
  -11  -11   13  0.000167766  0.000273761
   11   11  -13  0.000204946 -0.000269401
   11   11   13  0.000167766  0.000273761
   13   13    9  0.000159204  0.000257008
  -13  -13    9  0.000159204  0.000257008
   13   13   -9  0.000190814 -0.000256115
  -13  -13   -9  0.000190814 -0.000256115
   14   14   -6 -0.000077621 -0.000014230
  -14  -14   -6 -0.000077621 -0.000014230
   14   14    6 -0.000077621 -0.000014230
  -14  -14    6 -0.000077621 -0.000014230
    4    4   20  0.000392215  0.000009663
   -4   -4   20  0.000392215  0.000009663
    4    4  -20  0.000392215  0.000009663
   -4   -4  -20  0.000392215  0.000009663
   12   12  -12  0.000392215  0.000009663
  -12  -12  -12  0.000392215  0.000009663
  -12  -12   12  0.000392215  0.000009663
   12   12   12  0.000392215  0.000009663
  -15  -15    1  0.000130009  0.000199991
  -15  -15   -1  0.000143130 -0.000210057
   15   15    1  0.000130009  0.000199991
   15   15   -1  0.000143130 -0.000210057
   -9   -9  -17  0.000143130 -0.000210057
    9    9  -17  0.000143130 -0.000210057
    9    9   17  0.000130009  0.000199991
   -9   -9   17  0.000130009  0.000199991
    8    8  -18 -0.000068083 -0.000011487
   -8   -8   18 -0.000068083 -0.000011487
   -8   -8  -18 -0.000068083 -0.000011487
    8    8   18 -0.000068083 -0.000011487
   10   10   16  0.000329490 -0.000000350
  -14  -14   -8  0.000329490 -0.000000350
