  0.000000000  0.000000000  0.000000000  0.000000000  0.433588833
  1.000000000  1.000000000  1.000000000  1.673726652  1.995143744
 -1.000000000 -1.000000000  1.000000000  1.673726652  1.995143744
 -1.000000000 -1.000000000 -1.000000000  1.673726652 -1.735716113
  1.000000000  1.000000000 -1.000000000  1.673726652 -1.735716113
  0.000000000  0.000000000  2.000000000 -0.173874664 -0.027511200
  0.000000000  0.000000000 -2.000000000 -0.173874664 -0.027511200
 -2.000000000 -2.000000000  0.000000000  2.653065144  0.394356768
  2.000000000  2.000000000  0.000000000  2.653065144  0.394356768
  1.000000000  1.000000000  3.000000000  0.919603722 -0.922845214
 -1.000000000 -1.000000000  3.000000000  0.919603722 -0.922845214
 -1.000000000 -1.000000000 -3.000000000  0.919603722  1.065383791
  1.000000000  1.000000000 -3.000000000  0.919603722  1.065383791
 -2.000000000 -2.000000000  2.000000000 -0.065816460 -0.005100776
 -2.000000000 -2.000000000 -2.000000000 -0.065816460 -0.005100776
  2.000000000  2.000000000 -2.000000000 -0.065816460 -0.005100776
  2.000000000  2.000000000  2.000000000 -0.065816460 -0.005100776
  0.000000000  0.000000000 -4.000000000  1.715132938  0.253247872
  0.000000000  0.000000000  4.000000000  1.715132938  0.253247872
 -3.000000000 -3.000000000  1.000000000  0.659678074  0.741443614
  3.000000000  3.000000000  1.000000000  0.659678074  0.741443614
  3.000000000  3.000000000 -1.000000000  0.659678074 -0.639193513
 -3.000000000 -3.000000000 -1.000000000  0.659678074 -0.639193513
 -2.000000000 -2.000000000  4.000000000  1.089008156  0.167043852
  2.000000000  2.000000000 -4.000000000  1.089008156  0.167043852
 -2.000000000 -2.000000000 -4.000000000  1.089008156  0.167043852
  2.000000000  2.000000000  4.000000000  1.089008156  0.167043852
 -3.000000000 -3.000000000 -3.000000000  0.514130731  0.570540435
 -1.000000000 -1.000000000 -5.000000000  0.514130731 -0.490850172
  1.000000000  1.000000000  5.000000000  0.514130731  0.570540435
 -1.000000000 -1.000000000  5.000000000  0.514130731  0.570540435
  3.000000000  3.000000000 -3.000000000  0.514130731  0.570540435
  1.000000000  1.000000000 -5.000000000  0.514130731 -0.490850172
  3.000000000  3.000000000  3.000000000  0.514130731 -0.490850172
 -3.000000000 -3.000000000  3.000000000  0.514130731 -0.490850172
 -4.000000000 -4.000000000  0.000000000  0.954518002  0.147403431
  4.000000000  4.000000000  0.000000000  0.954518002  0.147403431
 -4.000000000 -4.000000000 -2.000000000 -0.010968013 -0.000850021
  4.000000000  4.000000000 -2.000000000 -0.010968013 -0.000850021
 -4.000000000 -4.000000000  2.000000000 -0.010968013 -0.000850021
  4.000000000  4.000000000  2.000000000 -0.010968013 -0.000850021
  0.000000000  0.000000000 -6.000000000 -0.010968013 -0.000850021
  0.000000000  0.000000000  6.000000000 -0.010968013 -0.000850021
  3.000000000  3.000000000  5.000000000  0.345554689  0.381454083
 -3.000000000 -3.000000000 -5.000000000  0.345554689 -0.327893106
 -3.000000000 -3.000000000  5.000000000  0.345554689  0.381454083
  3.000000000  3.000000000 -5.000000000  0.345554689 -0.327893106
  2.000000000  2.000000000  6.000000000 -0.008940325 -0.000692875
 -2.000000000 -2.000000000 -6.000000000 -0.008940325 -0.000692875
 -2.000000000 -2.000000000  6.000000000 -0.008940325 -0.000692875
  2.000000000  2.000000000 -6.000000000 -0.008940325 -0.000692875
 -4.000000000 -4.000000000  4.000000000  0.508923538  0.087873036
  4.000000000  4.000000000 -4.000000000  0.508923538  0.087873036
  4.000000000  4.000000000  4.000000000  0.508923538  0.087873036
 -4.000000000 -4.000000000 -4.000000000  0.508923538  0.087873036
 -5.000000000 -5.000000000 -1.000000000  0.290962322 -0.276447331
  5.000000000  5.000000000  1.000000000  0.290962322  0.321546491
 -5.000000000 -5.000000000  1.000000000  0.290962322  0.321546491
  5.000000000  5.000000000 -1.000000000  0.290962322 -0.276447331
 -1.000000000 -1.000000000 -7.000000000  0.290962322  0.321546491
 -1.000000000 -1.000000000  7.000000000  0.290962322 -0.276447331
  1.000000000  1.000000000 -7.000000000  0.290962322  0.321546491
  1.000000000  1.000000000  7.000000000  0.290962322 -0.276447331
  5.000000000  5.000000000 -3.000000000  0.247739674  0.274370131
 -5.000000000 -5.000000000 -3.000000000  0.247739674  0.274370131
  5.000000000  5.000000000  3.000000000  0.247739674 -0.235970481
 -5.000000000 -5.000000000  3.000000000  0.247739674 -0.235970481
  0.000000000  0.000000000  8.000000000  0.512253349  0.075456707
  0.000000000  0.000000000 -8.000000000  0.512253349  0.075456707
 -3.000000000 -3.000000000 -7.000000000  0.212772300  0.236287298
 -3.000000000 -3.000000000  7.000000000  0.212772300 -0.203307592
  3.000000000  3.000000000  7.000000000  0.212772300 -0.203307592
  3.000000000  3.000000000 -7.000000000  0.212772300  0.236287298
 -4.000000000 -4.000000000 -6.000000000 -0.006981120 -0.000541037
  4.000000000  4.000000000  6.000000000 -0.006981120 -0.000541037
 -4.000000000 -4.000000000  6.000000000 -0.006981120 -0.000541037
  4.000000000  4.000000000 -6.000000000 -0.006981120 -0.000541037
 -2.000000000 -2.000000000 -8.000000000  0.371184103  0.059273551
 -2.000000000 -2.000000000  8.000000000  0.371184103  0.059273551
  2.000000000  2.000000000  8.000000000  0.371184103  0.059273551
  2.000000000  2.000000000 -8.000000000  0.371184103  0.059273551
  6.000000000  6.000000000  0.000000000  0.371184103  0.059273551
 -6.000000000 -6.000000000  0.000000000  0.371184103  0.059273551
 -5.000000000 -5.000000000  5.000000000  0.184030986  0.204984589
 -5.000000000 -5.000000000 -5.000000000  0.184030986 -0.176459786
  5.000000000  5.000000000  5.000000000  0.184030986  0.204984589
  5.000000000  5.000000000 -5.000000000  0.184030986 -0.176459786
  6.000000000  6.000000000 -2.000000000 -0.006651216 -0.000515469
 -6.000000000 -6.000000000 -2.000000000 -0.006651216 -0.000515469
 -6.000000000 -6.000000000  2.000000000 -0.006651216 -0.000515469
  6.000000000  6.000000000  2.000000000 -0.006651216 -0.000515469
 -1.000000000 -1.000000000  9.000000000  0.160114941  0.178896382
  1.000000000  1.000000000 -9.000000000  0.160114941 -0.154078566
  1.000000000  1.000000000  9.000000000  0.160114941  0.178896382
 -1.000000000 -1.000000000 -9.000000000  0.160114941 -0.154078566
  6.000000000  6.000000000  4.000000000  0.309875034  0.047197044
 -6.000000000 -6.000000000 -4.000000000  0.309875034  0.047197044
  6.000000000  6.000000000 -4.000000000  0.309875034  0.047197044
 -6.000000000 -6.000000000  4.000000000  0.309875034  0.047197044
  4.000000000  4.000000000  8.000000000  0.263296614  0.041369881
 -4.000000000 -4.000000000  8.000000000  0.263296614  0.041369881
 -4.000000000 -4.000000000 -8.000000000  0.263296614  0.041369881
  4.000000000  4.000000000 -8.000000000  0.263296614  0.041369881
 -3.000000000 -3.000000000 -9.000000000  0.122983610 -0.119162229
  3.000000000  3.000000000  9.000000000  0.122983610  0.138224688
 -3.000000000 -3.000000000  9.000000000  0.122983610  0.138224688
  3.000000000  3.000000000 -9.000000000  0.122983610 -0.119162229
  7.000000000  7.000000000  1.000000000  0.122983610  0.138224688
  7.000000000  7.000000000 -1.000000000  0.122983610 -0.119162229
  5.000000000  5.000000000  7.000000000  0.122983610 -0.119162229
 -7.000000000 -7.000000000 -1.000000000  0.122983610 -0.119162229
 -5.000000000 -5.000000000  7.000000000  0.122983610 -0.119162229
 -5.000000000 -5.000000000 -7.000000000  0.122983610  0.138224688
