    0    0    0  0.000000000  0.002917368
    0    1    0  0.001149819  0.000291557
    1    0    0  0.001149819  0.000291557
   -1    0    0  0.001149819  0.000291557
    0   -1    0  0.001149819  0.000291557
    1    1    0  0.055997084  0.002175721
   -1   -1    0  0.055997084  0.002175721
    1   -1    0  0.055997084  0.002175721
   -1    1    0  0.055997084  0.002175721
   -2    0    0  0.071898783  0.002622175
    0    2    0  0.071898783  0.002622175
    2    0    0  0.071898783  0.002622175
    0   -2    0  0.071898783  0.002622175
    1    2    0  0.000251082  0.000388216
   -1    2    0  0.000251082  0.000388216
   -2   -1    0  0.000251082  0.000388216
    2   -1    0  0.000251082  0.000388216
   -1   -2    0  0.000251082  0.000388216
    2    1    0  0.000251082  0.000388216
    1   -2    0  0.000251082  0.000388216
   -2    1    0  0.000251082  0.000388216
   -2   -2    0  0.047002455  0.002309480
    2    2    0  0.047002455  0.002309480
   -2    2    0  0.047002455  0.002309480
    2   -2    0  0.047002455  0.002309480
    0    3    0  0.000863555  0.000429094
    3    0    0  0.000863555  0.000429094
    0   -3    0  0.000863555  0.000429094
   -3    0    0  0.000863555  0.000429094
    1   -3    0  0.021422691  0.001735341
    1    3    0  0.021422691  0.001735341
   -1   -3    0  0.021422691  0.001735341
    3    1    0  0.021422691  0.001735341
   -1    3    0  0.021422691  0.001735341
   -3   -1    0  0.021422691  0.001735341
    3   -1    0  0.021422691  0.001735341
   -3    1    0  0.021422691  0.001735341
    3    2    0  0.001361882  0.000445482
    2    3    0  0.001361882  0.000445482
    2   -3    0  0.001361882  0.000445482
   -3    2    0  0.001361882  0.000445482
   -2   -3    0  0.001361882  0.000445482
   -2    3    0  0.001361882  0.000445482
    3   -2    0  0.001361882  0.000445482
   -3   -2    0  0.001361882  0.000445482
   -4    0    0  0.026595881  0.001841988
    0    4    0  0.026595881  0.001841988
    0   -4    0  0.026595881  0.001841988
    4    0    0  0.026595881  0.001841988
    1   -4    0  0.001718181  0.000467220
    4    1    0  0.001718181  0.000467220
    4   -1    0  0.001718181  0.000467220
    1    4    0  0.001718181  0.000467220
   -1    4    0  0.001718181  0.000467220
   -1   -4    0  0.001718181  0.000467220
   -4   -1    0  0.001718181  0.000467220
   -4    1    0  0.001718181  0.000467220
   -3    3    0  0.013470781  0.001432346
    3   -3    0  0.013470781  0.001432346
   -3   -3    0  0.013470781  0.001432346
    3    3    0  0.013470781  0.001432346
    4   -2    0  0.021390241  0.001660724
   -4    2    0  0.021390241  0.001660724
    4    2    0  0.021390241  0.001660724
   -2   -4    0  0.021390241  0.001660724
    2   -4    0  0.021390241  0.001660724
    2    4    0  0.021390241  0.001660724
   -2    4    0  0.021390241  0.001660724
   -4   -2    0  0.021390241  0.001660724
   -4    3    0  0.002088899  0.000487026
    4   -3    0  0.002088899  0.000487026
    0   -5    0  0.002088899  0.000487026
   -3   -4    0  0.002088899  0.000487026
    4    3    0  0.002088899  0.000487026
   -5    0    0  0.002088899  0.000487026
    3    4    0  0.002088899  0.000487026
   -3    4    0  0.002088899  0.000487026
    0    5    0  0.002088899  0.000487026
   -4   -3    0  0.002088899  0.000487026
    5    0    0  0.002088899  0.000487026
    3   -4    0  0.002088899  0.000487026
   -1    5    0  0.009651814  0.001204049
   -1   -5    0  0.009651814  0.001204049
    5   -1    0  0.009651814  0.001204049
    1    5    0  0.009651814  0.001204049
    5    1    0  0.009651814  0.001204049
   -5   -1    0  0.009651814  0.001204049
   -5    1    0  0.009651814  0.001204049
    1   -5    0  0.009651814  0.001204049
    5   -2    0  0.002160461  0.000488600
    5    2    0  0.002160461  0.000488600
   -2   -5    0  0.002160461  0.000488600
   -5    2    0  0.002160461  0.000488600
    2   -5    0  0.002160461  0.000488600
   -2    5    0  0.002160461  0.000488600
    2    5    0  0.002160461  0.000488600
   -5   -2    0  0.002160461  0.000488600
    4    4    0  0.012735062  0.001248394
   -4   -4    0  0.012735062  0.001248394
    4   -4    0  0.012735062  0.001248394
   -4    4    0  0.012735062  0.001248394
   -5   -3    0  0.007381717  0.001024468
    5   -3    0  0.007381717  0.001024468
    3   -5    0  0.007381717  0.001024468
   -3    5    0  0.007381717  0.001024468
    3    5    0  0.007381717  0.001024468
   -3   -5    0  0.007381717  0.001024468
   -5    3    0  0.007381717  0.001024468
    5    3    0  0.007381717  0.001024468
    0    6    0  0.011030956  0.001142431
   -6    0    0  0.011030956  0.001142431
    0   -6    0  0.011030956  0.001142431
    6    0    0  0.011030956  0.001142431
   -6    1    0  0.002175927  0.000480903
   -1    6    0  0.002175927  0.000480903
    6    1    0  0.002175927  0.000480903
    1   -6    0  0.002175927  0.000480903
   -1   -6    0  0.002175927  0.000480903
   -6   -1    0  0.002175927  0.000480903
    1    6    0  0.002175927  0.000480903
    6   -1    0  0.002175927  0.000480903
    2   -6    0  0.009651526  0.001048095
   -2   -6    0  0.009651526  0.001048095
   -6    2    0  0.009651526  0.001048095
    6    2    0  0.009651526  0.001048095
    6   -2    0  0.009651526  0.001048095
   -6   -2    0  0.009651526  0.001048095
   -2    6    0  0.009651526  0.001048095
    2    6    0  0.009651526  0.001048095
   -4   -5    0  0.002144289  0.000473207
    5    4    0  0.002144289  0.000473207
   -5   -4    0  0.002144289  0.000473207
   -5    4    0  0.002144289  0.000473207
    4   -5    0  0.002144289  0.000473207
    4    5    0  0.002144289  0.000473207
   -4    5    0  0.002144289  0.000473207
    5   -4    0  0.002144289  0.000473207
    3    6    0  0.002097079  0.000463722
   -3   -6    0  0.002097079  0.000463722
    3   -6    0  0.002097079  0.000463722
    6   -3    0  0.002097079  0.000463722
    6    3    0  0.002097079  0.000463722
   -3    6    0  0.002097079  0.000463722
   -6   -3    0  0.002097079  0.000463722
   -6    3    0  0.002097079  0.000463722
   -7    0    0  0.002039509  0.000452880
    0   -7    0  0.002039509  0.000452880
    0    7    0  0.002039509  0.000452880
    7    0    0  0.002039509  0.000452880
    5    5    0  0.004802810  0.000759743
    5   -5    0  0.004802810  0.000759743
   -5    5    0  0.004802810  0.000759743
   -5   -5    0  0.004802810  0.000759743
   -7    1    0  0.004802810  0.000759743
   -1    7    0  0.004802810  0.000759743
   -7   -1    0  0.004802810  0.000759743
    7    1    0  0.004802810  0.000759743
   -1   -7    0  0.004802810  0.000759743
    1    7    0  0.004802810  0.000759743
    1   -7    0  0.004802810  0.000759743
    7   -1    0  0.004802810  0.000759743
    6    4    0  0.006764778  0.000819331
   -4    6    0  0.006764778  0.000819331
   -4   -6    0  0.006764778  0.000819331
    6   -4    0  0.006764778  0.000819331
   -6   -4    0  0.006764778  0.000819331
    4   -6    0  0.006764778  0.000819331
   -6    4    0  0.006764778  0.000819331
    4    6    0  0.006764778  0.000819331
   -7    2    0  0.001975318  0.000441028
    7    2    0  0.001975318  0.000441028
   -2    7    0  0.001975318  0.000441028
    7   -2    0  0.001975318  0.000441028
   -7   -2    0  0.001975318  0.000441028
    2    7    0  0.001975318  0.000441028
   -2   -7    0  0.001975318  0.000441028
    2   -7    0  0.001975318  0.000441028
    3   -7    0  0.004002188  0.000659824
   -3    7    0  0.004002188  0.000659824
   -3   -7    0  0.004002188  0.000659824
    3    7    0  0.004002188  0.000659824
    7    3    0  0.004002188  0.000659824
   -7    3    0  0.004002188  0.000659824
   -7   -3    0  0.004002188  0.000659824
    7   -3    0  0.004002188  0.000659824
   -5    6    0  0.001837080  0.000415344
    5   -6    0  0.001837080  0.000415344
   -6    5    0  0.001837080  0.000415344
    6    5    0  0.001837080  0.000415344
   -5   -6    0  0.001837080  0.000415344
    6   -5    0  0.001837080  0.000415344
    5    6    0  0.001837080  0.000415344
   -6   -5    0  0.001837080  0.000415344
   -8    0    0  0.004975860  0.000649706
    0    8    0  0.004975860  0.000649706
    8    0    0  0.004975860  0.000649706
    0   -8    0  0.004975860  0.000649706
   -8   -1    0  0.001766356  0.000401917
    7   -4    0  0.001766356  0.000401917
    7    4    0  0.001766356  0.000401917
   -1   -8    0  0.001766356  0.000401917
    8    1    0  0.001766356  0.000401917
    4    7    0  0.001766356  0.000401917
   -4    7    0  0.001766356  0.000401917
    4   -7    0  0.001766356  0.000401917
    1   -8    0  0.001766356  0.000401917
    8   -1    0  0.001766356  0.000401917
    1    8    0  0.001766356  0.000401917
   -7   -4    0  0.001766356  0.000401917
   -8    1    0  0.001766356  0.000401917
   -7    4    0  0.001766356  0.000401917
