    0    0    0  0.000000000  0.003112877
   -1   -1    1  0.041379610  0.049475484
    1    1    1  0.041379610  0.049475484
   -1   -1   -1  0.044274601 -0.046363557
    1    1   -1  0.044274601 -0.046363557
    0    0    2 -0.004762983  0.000104428
    0    0   -2 -0.004762983  0.000104428
   -2   -2    0  0.059930962  0.002839769
    2    2    0  0.059930962  0.002839769
    1    1    3  0.025502210 -0.025089180
    1    1   -3  0.022830223  0.027917354
   -1   -1   -3  0.022830223  0.027917354
   -1   -1    3  0.025502210 -0.025089180
   -2   -2   -2 -0.002128281  0.000074571
    2    2    2 -0.002128281  0.000074571
    2    2   -2 -0.002128281  0.000074571
   -2   -2    2 -0.002128281  0.000074571
    0    0   -4  0.040924047  0.002611640
    0    0    4  0.040924047  0.002611640
   -3   -3   -1  0.019044414 -0.017805974
    3    3    1  0.016561682  0.020391556
   -3   -3    1  0.016561682  0.020391556
    3    3   -1  0.019044414 -0.017805974
   -2   -2   -4  0.031858694  0.002412878
    2    2    4  0.031858694  0.002412878
   -2   -2    4  0.031858694  0.002412878
    2    2   -4  0.031858694  0.002412878
   -1   -1   -5  0.015407293 -0.014050532
    1    1    5  0.013091046  0.016422859
   -1   -1    5  0.013091046  0.016422859
    1    1   -5  0.015407293 -0.014050532
    3    3   -3  0.013091046  0.016422859
   -3   -3   -3  0.013091046  0.016422859
   -3   -3    3  0.015407293 -0.014050532
    3    3    3  0.015407293 -0.014050532
   -4   -4    0  0.026243865  0.002236111
    4    4    0  0.026243865  0.002236111
    0    0    6 -0.000887742  0.000005302
   -4   -4   -2 -0.000887742  0.000005302
    4    4   -2 -0.000887742  0.000005302
    4    4    2 -0.000887742  0.000005302
    0    0   -6 -0.000887742  0.000005302
   -4   -4    2 -0.000887742  0.000005302
   -3   -3    5  0.009084753  0.011971870
    3    3    5  0.009084753  0.011971870
   -3   -3   -5  0.011116121 -0.009960586
    3    3   -5  0.011116121 -0.009960586
   -2   -2   -6 -0.000864328 -0.000012081
   -2   -2    6 -0.000864328 -0.000012081
    2    2    6 -0.000864328 -0.000012081
    2    2   -6 -0.000864328 -0.000012081
    4    4   -4  0.019280092  0.001932769
    4    4    4  0.019280092  0.001932769
   -4   -4    4  0.019280092  0.001932769
   -4   -4   -4  0.019280092  0.001932769
    5    5    1  0.007780303  0.010522061
   -5   -5    1  0.007780303  0.010522061
    5    5   -1  0.009687704 -0.008665378
   -5   -5   -1  0.009687704 -0.008665378
   -1   -1   -7  0.007780303  0.010522061
    1    1    7  0.009687704 -0.008665378
   -1   -1    7  0.009687704 -0.008665378
    1    1   -7  0.007780303  0.010522061
    5    5    3  0.008533734 -0.007638424
   -5   -5    3  0.008533734 -0.007638424
   -5   -5   -3  0.006740340  0.009354659
    5    5   -3  0.006740340  0.009354659
    0    0    8  0.014968076  0.001680743
    0    0   -8  0.014968076  0.001680743
   -3   -3    7  0.007579967 -0.006800876
    3    3    7  0.007579967 -0.006800876
    3    3   -7  0.005891862  0.008389069
   -3   -3   -7  0.005891862  0.008389069
    4    4    6 -0.000858843 -0.000051260
    4    4   -6 -0.000858843 -0.000051260
   -4   -4   -6 -0.000858843 -0.000051260
   -4   -4    6 -0.000858843 -0.000051260
   -2   -2    8  0.013358171  0.001570049
    2    2   -8  0.013358171  0.001570049
   -2   -2   -8  0.013358171  0.001570049
    2    2    8  0.013358171  0.001570049
   -6   -6    0  0.013358171  0.001570049
    6    6    0  0.013358171  0.001570049
    5    5   -5  0.006778342 -0.006103493
   -5   -5   -5  0.006778342 -0.006103493
    5    5    5  0.005187797  0.007574614
   -5   -5    5  0.005187797  0.007574614
   -6   -6   -2 -0.000855367 -0.000060828
    6    6    2 -0.000855367 -0.000060828
    6    6   -2 -0.000855367 -0.000060828
   -6   -6    2 -0.000855367 -0.000060828
    1    1    9  0.004595890  0.006877277
    1    1   -9  0.006095790 -0.005513464
   -1   -1   -9  0.006095790 -0.005513464
   -1   -1    9  0.004595890  0.006877277
    6    6   -4  0.010834936  0.001373846
   -6   -6   -4  0.010834936  0.001373846
    6    6    4  0.010834936  0.001373846
   -6   -6    4  0.010834936  0.001373846
   -4   -4   -8  0.009829956  0.001286650
   -4   -4    8  0.009829956  0.001286650
    4    4   -8  0.009829956  0.001286650
    4    4    8  0.009829956  0.001286650
   -5   -5   -7  0.003662086  0.005744577
    5    5   -7  0.003662086  0.005744577
   -5   -5    7  0.004998792 -0.004570044
    5    5    7  0.004998792 -0.004570044
    7    7    1  0.003662086  0.005744577
   -7   -7    1  0.003662086  0.005744577
    3    3    9  0.003662086  0.005744577
   -3   -3   -9  0.004998792 -0.004570044
    7    7   -1  0.004998792 -0.004570044
    3    3   -9  0.004998792 -0.004570044
   -3   -3    9  0.003662086  0.005744577
   -7   -7   -1  0.004998792 -0.004570044
    0    0   10 -0.000825080 -0.000081762
    0    0  -10 -0.000825080 -0.000081762
    7    7   -3  0.003290017  0.005278524
    7    7    3  0.004553085 -0.004187615
   -7   -7    3  0.004553085 -0.004187615
   -7   -7   -3  0.003290017  0.005278524
   -2   -2  -10 -0.000809448 -0.000086640
   -2   -2   10 -0.000809448 -0.000086640
    2    2   10 -0.000809448 -0.000086640
    2    2  -10 -0.000809448 -0.000086640
    6    6    6 -0.000809448 -0.000086640
   -6   -6    6 -0.000809448 -0.000086640
    6    6   -6 -0.000809448 -0.000086640
   -6   -6   -6 -0.000809448 -0.000086640
   -7   -7    5  0.002684135  0.004495335
   -7   -7   -5  0.003813619 -0.003553009
    1    1   11  0.003813619 -0.003553009
    1    1  -11  0.002684135  0.004495335
   -1   -1   11  0.003813619 -0.003553009
    7    7   -5  0.003813619 -0.003553009
    7    7    5  0.002684135  0.004495335
   -1   -1  -11  0.002684135  0.004495335
    8    8    0  0.006904701  0.000995777
   -8   -8    0  0.006904701  0.000995777
    5    5   -9  0.003504725 -0.003287542
    5    5    9  0.002435922  0.004163797
   -5   -5   -9  0.003504725 -0.003287542
   -5   -5    9  0.002435922  0.004163797
   -4   -4  -10 -0.000752795 -0.000096568
    4    4  -10 -0.000752795 -0.000096568
    4    4   10 -0.000752795 -0.000096568
   -4   -4   10 -0.000752795 -0.000096568
   -8   -8   -2 -0.000752795 -0.000096568
    8    8   -2 -0.000752795 -0.000096568
    8    8    2 -0.000752795 -0.000096568
   -8   -8    2 -0.000752795 -0.000096568
    6    6    8  0.006367018  0.000935099
    6    6   -8  0.006367018  0.000935099
   -6   -6    8  0.006367018  0.000935099
   -6   -6   -8  0.006367018  0.000935099
    3    3  -11  0.002216872  0.003864959
    3    3   11  0.003228648 -0.003049934
   -3   -3   11  0.003228648 -0.003049934
   -3   -3  -11  0.002216872  0.003864959
    8    8   -4  0.005885134  0.000878447
    0    0  -12  0.005885134  0.000878447
    8    8    4  0.005885134  0.000878447
    0    0   12  0.005885134  0.000878447
   -8   -8    4  0.005885134  0.000878447
   -8   -8   -4  0.005885134  0.000878447
   -7   -7   -7  0.002022745  0.003594543
    7    7    7  0.002980869 -0.002836320
   -7   -7    7  0.002980869 -0.002836320
    7    7   -7  0.002022745  0.003594543
    2    2  -12  0.005451544  0.000825500
    2    2   12  0.005451544  0.000825500
   -2   -2   12  0.005451544  0.000825500
   -2   -2  -12  0.005451544  0.000825500
    9    9    1  0.001695846  0.003125311
   -9   -9   -1  0.002555824 -0.002468849
    9    9   -1  0.002555824 -0.002468849
   -9   -9    1  0.001695846  0.003125311
   -8   -8   -6 -0.000668611 -0.000101819
   -8   -8    6 -0.000668611 -0.000101819
    8    8    6 -0.000668611 -0.000101819
    8    8   -6 -0.000668611 -0.000101819
    5    5  -11  0.001557728  0.002920976
   -5   -5  -11  0.001557728  0.002920976
   -5   -5   11  0.002372783 -0.002310105
   -1   -1   13  0.001557728  0.002920976
    1    1  -13  0.002372783 -0.002310105
    5    5   11  0.002372783 -0.002310105
   -1   -1  -13  0.002372783 -0.002310105
    1    1   13  0.001557728  0.002920976
    9    9    3  0.002372783 -0.002310105
    9    9   -3  0.001557728  0.002920976
   -9   -9   -3  0.001557728  0.002920976
   -9   -9    3  0.002372783 -0.002310105
    6    6  -10 -0.000647686 -0.000102111
   -6   -6  -10 -0.000647686 -0.000102111
    6    6   10 -0.000647686 -0.000102111
   -6   -6   10 -0.000647686 -0.000102111
    4    4   12  0.004382894  0.000686130
   -4   -4  -12  0.004382894  0.000686130
    4    4  -12  0.004382894  0.000686130
   -4   -4   12  0.004382894  0.000686130
    7    7   -9  0.002206279 -0.002165389
    7    7    9  0.001433633  0.002733823
   -7   -7   -9  0.002206279 -0.002165389
   -7   -7    9  0.001433633  0.002733823
    3    3   13  0.001321823  0.002561998
   -3   -3   13  0.001321823  0.002561998
   -3   -3  -13  0.002054404 -0.002033090
    3    3  -13  0.002054404 -0.002033090
   -9   -9    5  0.001321823  0.002561998
    9    9   -5  0.002054404 -0.002033090
    9    9    5  0.001321823  0.002561998
   -9   -9   -5  0.002054404 -0.002033090
   -8   -8    8  0.003820721  0.000607122
   -8   -8   -8  0.003820721  0.000607122
    8    8   -8  0.003820721  0.000607122
    8    8    8  0.003820721  0.000607122
    0    0   14 -0.000587262 -0.000101237
    0    0  -14 -0.000587262 -0.000101237
   10   10    0  0.003574906  0.000571201
  -10  -10    0  0.003574906  0.000571201
   10   10    2 -0.000568120 -0.000100473
   10   10   -2 -0.000568120 -0.000100473
  -10  -10   -2 -0.000568120 -0.000100473
  -10  -10    2 -0.000568120 -0.000100473
    2    2  -14 -0.000568120 -0.000100473
   -2   -2   14 -0.000568120 -0.000100473
    2    2   14 -0.000568120 -0.000100473
   -2   -2  -14 -0.000568120 -0.000100473
   -9   -9    7  0.001671282 -0.001697797
    9    9    7  0.001671282 -0.001697797
   -9   -9   -7  0.001046317  0.002123463
    9    9   -7  0.001046317  0.002123463
  -10  -10   -4  0.003141733  0.000505709
   10   10   -4  0.003141733  0.000505709
  -10  -10    4  0.003141733  0.000505709
   10   10    4  0.003141733  0.000505709
    6    6   12  0.003141733  0.000505709
    6    6  -12  0.003141733  0.000505709
   -6   -6  -12  0.003141733  0.000505709
   -6   -6   12  0.003141733  0.000505709
    5    5  -13  0.001563643 -0.001603097
   -5   -5   13  0.000970793  0.001998845
    5    5   13  0.000970793  0.001998845
   -5   -5  -13  0.001563643 -0.001603097
    7    7   11  0.001563643 -0.001603097
    7    7  -11  0.000970793  0.001998845
   -7   -7   11  0.001563643 -0.001603097
   -7   -7  -11  0.000970793  0.001998845
    1    1   15  0.001464375 -0.001515521
    1    1  -15  0.000901955  0.001883329
   -1   -1  -15  0.000901955  0.001883329
   -1   -1   15  0.001464375 -0.001515521
   -8   -8  -10 -0.000514114 -0.000097141
   -4   -4  -14 -0.000514114 -0.000097141
    4    4  -14 -0.000514114 -0.000097141
   -4   -4   14 -0.000514114 -0.000097141
    8    8   10 -0.000514114 -0.000097141
    4    4   14 -0.000514114 -0.000097141
    8    8  -10 -0.000514114 -0.000097141
   -8   -8   10 -0.000514114 -0.000097141
  -10  -10   -6 -0.000497276 -0.000095754
  -10  -10    6 -0.000497276 -0.000095754
   10   10   -6 -0.000497276 -0.000095754
   10   10    6 -0.000497276 -0.000095754
   -3   -3   15  0.001287801 -0.001359053
    3    3   15  0.001287801 -0.001359053
    3    3  -15  0.000781585  0.001676366
   -3   -3  -15  0.000781585  0.001676366
   -9   -9    9  0.000781585  0.001676366
    9    9   -9  0.001287801 -0.001359053
  -11  -11   -1  0.001287801 -0.001359053
   11   11   -1  0.001287801 -0.001359053
   -9   -9   -9  0.001287801 -0.001359053
    9    9    9  0.000781585  0.001676366
  -11  -11    1  0.000781585  0.001676366
   11   11    1  0.000781585  0.001676366
   11   11   -3  0.000728886  0.001583522
  -11  -11    3  0.001209144 -0.001289015
  -11  -11   -3  0.000728886  0.001583522
   11   11    3  0.001209144 -0.001289015
    0    0   16  0.002318746  0.000372861
    0    0  -16  0.002318746  0.000372861
  -10  -10    8  0.002188264  0.000350708
   10   10    8  0.002188264  0.000350708
  -10  -10   -8  0.002188264  0.000350708
   10   10   -8  0.002188264  0.000350708
   -2   -2   16  0.002188264  0.000350708
    2    2  -16  0.002188264  0.000350708
    2    2   16  0.002188264  0.000350708
   -2   -2  -16  0.002188264  0.000350708
  -11  -11    5  0.000636055  0.001416164
   -7   -7  -13  0.001068280 -0.001162929
   11   11   -5  0.001068280 -0.001162929
    7    7   13  0.000636055  0.001416164
   -7   -7   13  0.000636055  0.001416164
   11   11    5  0.000636055  0.001416164
    7    7  -13  0.001068280 -0.001162929
  -11  -11   -5  0.001068280 -0.001162929
   -6   -6   14 -0.000435582 -0.000089275
    6    6   14 -0.000435582 -0.000089275
   -6   -6  -14 -0.000435582 -0.000089275
    6    6  -14 -0.000435582 -0.000089275
   -8   -8  -12  0.002066847  0.000329814
   -8   -8   12  0.002066847  0.000329814
    8    8   12  0.002066847  0.000329814
    8    8  -12  0.002066847  0.000329814
    5    5   15  0.001005128 -0.001106077
   -5   -5   15  0.001005128 -0.001106077
   -5   -5  -15  0.000595127  0.001340651
    5    5  -15  0.000595127  0.001340651
   -9   -9  -11  0.000557401  0.001269998
    9    9  -11  0.000557401  0.001269998
   -9   -9   11  0.000946285 -0.001052887
    9    9   11  0.000946285 -0.001052887
   -4   -4  -16  0.001848176  0.000291495
    4    4   16  0.001848176  0.000291495
  -12  -12    0  0.001848176  0.000291495
    4    4  -16  0.001848176  0.000291495
   12   12    0  0.001848176  0.000291495
   -4   -4   16  0.001848176  0.000291495
    1    1   17  0.000522580  0.001203823
   -1   -1   17  0.000522580  0.001203823
   -1   -1  -17  0.000891392 -0.001003055
    1    1  -17  0.000891392 -0.001003055
   11   11    7  0.000891392 -0.001003055
  -11  -11   -7  0.000522580  0.001203823
  -11  -11    7  0.000891392 -0.001003055
   11   11   -7  0.000522580  0.001203823
   12   12   -2 -0.000394843 -0.000083787
   12   12    2 -0.000394843 -0.000083787
  -12  -12    2 -0.000394843 -0.000083787
  -12  -12   -2 -0.000394843 -0.000083787
   10   10   10 -0.000382224 -0.000081890
  -10  -10  -10 -0.000382224 -0.000081890
  -10  -10   10 -0.000382224 -0.000081890
   10   10  -10 -0.000382224 -0.000081890
  -12  -12   -4  0.001657416  0.000257344
   12   12    4  0.001657416  0.000257344
   12   12   -4  0.001657416  0.000257344
  -12  -12    4  0.001657416  0.000257344
    3    3  -17  0.000792209 -0.000912397
    3    3   17  0.000460630  0.001083548
   -3   -3   17  0.000460630  0.001083548
   -3   -3  -17  0.000792209 -0.000912397
   -7   -7   15  0.000705370 -0.000832226
    7    7  -15  0.000407487  0.000977420
    7    7   15  0.000705370 -0.000832226
   -7   -7  -15  0.000407487  0.000977420
  -11  -11   -9  0.000705370 -0.000832226
   11   11   -9  0.000705370 -0.000832226
  -11  -11    9  0.000407487  0.000977420
   11   11    9  0.000407487  0.000977420
   12   12   -6 -0.000347001 -0.000076102
  -12  -12    6 -0.000347001 -0.000076102
  -12  -12   -6 -0.000347001 -0.000076102
   12   12    6 -0.000347001 -0.000076102
    0    0   18 -0.000347001 -0.000076102
    0    0  -18 -0.000347001 -0.000076102
   -8   -8   14 -0.000347001 -0.000076102
   -8   -8  -14 -0.000347001 -0.000076102
    8    8  -14 -0.000347001 -0.000076102
    8    8   14 -0.000347001 -0.000076102
   -6   -6   16  0.001414411  0.000212889
    6    6   16  0.001414411  0.000212889
   -6   -6  -16  0.001414411  0.000212889
    6    6  -16  0.001414411  0.000212889
    9    9   13  0.000383755  0.000929024
    9    9  -13  0.000666002 -0.000795581
   -9   -9  -13  0.000666002 -0.000795581
   -9   -9   13  0.000383755  0.000929024
    2    2  -18 -0.000336080 -0.000074159
   -2   -2  -18 -0.000336080 -0.000074159
    2    2   18 -0.000336080 -0.000074159
   -2   -2   18 -0.000336080 -0.000074159
   13   13   -1  0.000629067 -0.000761004
   13   13    1  0.000361706  0.000883446
  -13  -13    1  0.000361706  0.000883446
  -13  -13   -1  0.000629067 -0.000761004
    5    5   17  0.000361706  0.000883446
    5    5  -17  0.000629067 -0.000761004
   -5   -5   17  0.000361706  0.000883446
   -5   -5  -17  0.000629067 -0.000761004
   10   10   12  0.001276268  0.000187174
  -10  -10  -12  0.001276268  0.000187174
   10   10  -12  0.001276268  0.000187174
  -10  -10   12  0.001276268  0.000187174
   13   13   -3  0.000341200  0.000840489
   13   13    3  0.000594389 -0.000728346
  -13  -13   -3  0.000341200  0.000840489
  -13  -13    3  0.000594389 -0.000728346
   12   12    8  0.001213319  0.000175360
   12   12   -8  0.001213319  0.000175360
  -12  -12    8  0.001213319  0.000175360
  -12  -12   -8  0.001213319  0.000175360
    4    4   18 -0.000305551 -0.000068355
   -4   -4   18 -0.000305551 -0.000068355
   -4   -4  -18 -0.000305551 -0.000068355
    4    4  -18 -0.000305551 -0.000068355
   -1   -1   19  0.000531168 -0.000668247
   -1   -1  -19  0.000304331  0.000761724
    1    1  -19  0.000304331  0.000761724
    1    1   19  0.000531168 -0.000668247
   13   13    5  0.000304331  0.000761724
  -13  -13    5  0.000304331  0.000761724
   13   13   -5  0.000531168 -0.000668247
  -13  -13   -5  0.000531168 -0.000668247
  -11  -11  -11  0.000304331  0.000761724
   11   11  -11  0.000304331  0.000761724
  -11  -11   11  0.000531168 -0.000668247
   11   11   11  0.000531168 -0.000668247
    3    3  -19  0.000272275  0.000691456
    3    3   19  0.000475201 -0.000614328
   -3   -3   19  0.000475201 -0.000614328
   -3   -3  -19  0.000272275  0.000691456
   -8   -8  -16  0.000995926  0.000134182
    8    8  -16  0.000995926  0.000134182
    8    8   16  0.000995926  0.000134182
   -8   -8   16  0.000995926  0.000134182
  -13  -13   -7  0.000257823  0.000659164
   -7   -7   17  0.000257823  0.000659164
    7    7  -17  0.000449633 -0.000589430
   13   13   -7  0.000257823  0.000659164
    9    9   15  0.000449633 -0.000589430
   -9   -9  -15  0.000257823  0.000659164
  -13  -13    7  0.000449633 -0.000589430
   -7   -7  -17  0.000449633 -0.000589430
    7    7   17  0.000257823  0.000659164
   -9   -9   15  0.000449633 -0.000589430
   13   13    7  0.000449633 -0.000589430
    9    9  -15  0.000257823  0.000659164
  -12  -12  -10 -0.000269516 -0.000060807
  -12  -12   10 -0.000269516 -0.000060807
   12   12  -10 -0.000269516 -0.000060807
   12   12   10 -0.000269516 -0.000060807
  -14  -14    0  0.000949030  0.000125243
   14   14    0  0.000949030  0.000125243
  -10  -10  -14 -0.000261254 -0.000058972
   10   10  -14 -0.000261254 -0.000058972
   10   10   14 -0.000261254 -0.000058972
  -10  -10   14 -0.000261254 -0.000058972
  -14  -14    2 -0.000261254 -0.000058972
    6    6  -18 -0.000261254 -0.000058972
   14   14    2 -0.000261254 -0.000058972
   -6   -6   18 -0.000261254 -0.000058972
   -6   -6  -18 -0.000261254 -0.000058972
    6    6   18 -0.000261254 -0.000058972
   14   14   -2 -0.000261254 -0.000058972
  -14  -14   -2 -0.000261254 -0.000058972
    0    0  -20  0.000904719  0.000116787
    0    0   20  0.000904719  0.000116787
    2    2  -20  0.000862824  0.000108787
   -2   -2  -20  0.000862824  0.000108787
   -2   -2   20  0.000862824  0.000108787
    2    2   20  0.000862824  0.000108787
   14   14    4  0.000862824  0.000108787
  -14  -14    4  0.000862824  0.000108787
   14   14   -4  0.000862824  0.000108787
  -14  -14   -4  0.000862824  0.000108787
    5    5  -19  0.000219855  0.000572251
    5    5   19  0.000381352 -0.000521949
   -5   -5  -19  0.000219855  0.000572251
   -5   -5   19  0.000381352 -0.000521949
  -11  -11  -13  0.000381352 -0.000521949
  -11  -11   13  0.000219855  0.000572251
   11   11  -13  0.000381352 -0.000521949
   11   11   13  0.000219855  0.000572251
   13   13    9  0.000208777  0.000546262
  -13  -13    9  0.000208777  0.000546262
   13   13   -9  0.000361102 -0.000501611
  -13  -13   -9  0.000361102 -0.000501611
   14   14   -6 -0.000230854 -0.000051891
  -14  -14   -6 -0.000230854 -0.000051891
   14   14    6 -0.000230854 -0.000051891
  -14  -14    6 -0.000230854 -0.000051891
    4    4   20  0.000750123  0.000087288
   -4   -4   20  0.000750123  0.000087288
    4    4  -20  0.000750123  0.000087288
   -4   -4  -20  0.000750123  0.000087288
   12   12  -12  0.000750123  0.000087288
  -12  -12  -12  0.000750123  0.000087288
  -12  -12   12  0.000750123  0.000087288
   12   12   12  0.000750123  0.000087288
  -15  -15    1  0.000170926  0.000454927
  -15  -15   -1  0.000290651 -0.000429383
   15   15    1  0.000170926  0.000454927
   15   15   -1  0.000290651 -0.000429383
   -9   -9  -17  0.000290651 -0.000429383
    9    9  -17  0.000290651 -0.000429383
    9    9   17  0.000170926  0.000454927
   -9   -9   17  0.000170926  0.000454927
    8    8  -18 -0.000210560 -0.000046887
   -8   -8   18 -0.000210560 -0.000046887
   -8   -8  -18 -0.000210560 -0.000046887
    8    8   18 -0.000210560 -0.000046887
   10   10   16  0.000654188  0.000069089
  -14  -14   -8  0.000654188  0.000069089
