    0    0    0  0.000000000  0.003370032
   -1   -1    1  0.041090598  0.049025163
    1    1    1  0.041090598  0.049025163
   -1   -1   -1  0.044791540 -0.046244562
    1    1   -1  0.044791540 -0.046244562
    0    0    2 -0.004283869 -0.000450072
    0    0   -2 -0.004283869 -0.000450072
   -2   -2    0  0.059635416  0.003048111
    2    2    0  0.059635416  0.003048111
    1    1    3  0.026068248 -0.024652987
    1    1   -3  0.022737441  0.027208114
   -1   -1   -3  0.022737441  0.027208114
   -1   -1    3  0.026068248 -0.024652987
   -2   -2   -2 -0.001287974 -0.000379949
    2    2    2 -0.001287974 -0.000379949
    2    2   -2 -0.001287974 -0.000379949
   -2   -2    2 -0.001287974 -0.000379949
    0    0   -4  0.040540877  0.002781269
    0    0    4  0.040540877  0.002781269
   -3   -3   -1  0.019615746 -0.017210956
    3    3    1  0.016594695  0.019572074
   -3   -3    1  0.016594695  0.019572074
    3    3   -1  0.019615746 -0.017210956
   -2   -2   -4  0.031423358  0.002550373
    2    2    4  0.031423358  0.002550373
   -2   -2    4  0.031423358  0.002550373
    2    2   -4  0.031423358  0.002550373
   -1   -1   -5  0.015970412 -0.013346487
    1    1    5  0.013217744  0.015535886
   -1   -1    5  0.013217744  0.015535886
    1    1   -5  0.015970412 -0.013346487
    3    3   -3  0.013217744  0.015535886
   -3   -3   -3  0.013217744  0.015535886
   -3   -3    3  0.015970412 -0.013346487
    3    3    3  0.015970412 -0.013346487
   -4   -4    0  0.025771764  0.002346263
    4    4    0  0.025771764  0.002346263
    0    0    6  0.000351061 -0.000235474
   -4   -4   -2  0.000351061 -0.000235474
    4    4   -2  0.000351061 -0.000235474
    4    4    2  0.000351061 -0.000235474
    0    0   -6  0.000351061 -0.000235474
   -4   -4    2  0.000351061 -0.000235474
   -3   -3    5  0.009340520  0.011016399
    3    3    5  0.009340520  0.011016399
   -3   -3   -5  0.011644656 -0.009120802
    3    3   -5  0.011644656 -0.009120802
   -2   -2   -6  0.000431267 -0.000200101
   -2   -2    6  0.000431267 -0.000200101
    2    2    6  0.000431267 -0.000200101
    2    2   -6  0.000431267 -0.000200101
    4    4   -4  0.018764463  0.001998824
    4    4    4  0.018764463  0.001998824
   -4   -4    4  0.018764463  0.001998824
   -4   -4   -4  0.018764463  0.001998824
    5    5    1  0.008080718  0.009553780
   -5   -5    1  0.008080718  0.009553780
    5    5   -1  0.010194539 -0.007785408
   -5   -5   -1  0.010194539 -0.007785408
   -1   -1   -7  0.008080718  0.009553780
    1    1    7  0.010194539 -0.007785408
   -1   -1    7  0.010194539 -0.007785408
    1    1   -7  0.008080718  0.009553780
    5    5    3  0.009017655 -0.006731115
   -5   -5    3  0.009017655 -0.006731115
   -5   -5   -3  0.007075926  0.008383037
    5    5   -3  0.007075926  0.008383037
    0    0    8  0.014434981  0.001713191
    0    0   -8  0.014434981  0.001713191
   -3   -3    7  0.008040545 -0.005876241
    3    3    7  0.008040545 -0.005876241
    3    3   -7  0.006255043  0.007421188
   -3   -3   -7  0.006255043  0.007421188
    4    4    6  0.000499682 -0.000117402
    4    4   -6  0.000499682 -0.000117402
   -4   -4   -6  0.000499682 -0.000117402
   -4   -4    6  0.000499682 -0.000117402
   -2   -2    8  0.012822751  0.001588736
    2    2   -8  0.012822751  0.001588736
   -2   -2   -8  0.012822751  0.001588736
    2    2    8  0.012822751  0.001588736
   -6   -6    0  0.012822751  0.001588736
    6    6    0  0.012822751  0.001588736
    5    5   -5  0.007215684 -0.005169415
   -5   -5   -5  0.007215684 -0.005169415
    5    5    5  0.005572450  0.006615796
   -5   -5    5  0.005572450  0.006615796
   -6   -6   -2  0.000501433 -0.000095872
    6    6    2  0.000501433 -0.000095872
    6    6   -2  0.000501433 -0.000095872
   -6   -6    2  0.000501433 -0.000095872
    1    1    9  0.004997020  0.005931525
    1    1   -9  0.006510368 -0.004576196
   -1   -1   -9  0.006510368 -0.004576196
   -1   -1    9  0.004997020  0.005931525
    6    6   -4  0.010303599  0.001369876
   -6   -6   -4  0.010303599  0.001369876
    6    6    4  0.010303599  0.001369876
   -6   -6    4  0.010303599  0.001369876
   -4   -4   -8  0.009303908  0.001273410
   -4   -4    8  0.009303908  0.001273410
    4    4   -8  0.009303908  0.001273410
    4    4    8  0.009303908  0.001273410
   -5   -5   -7  0.004084555  0.004833177
    5    5   -7  0.004084555  0.004833177
   -5   -5    7  0.005370151 -0.003640351
    5    5    7  0.005370151 -0.003640351
    7    7    1  0.004084555  0.004833177
   -7   -7    1  0.004084555  0.004833177
    3    3    9  0.004084555  0.004833177
   -3   -3   -9  0.005370151 -0.003640351
    7    7   -1  0.005370151 -0.003640351
    3    3   -9  0.005370151 -0.003640351
   -3   -3    9  0.004084555  0.004833177
   -7   -7   -1  0.005370151 -0.003640351
    0    0   10  0.000489861 -0.000044589
    0    0  -10  0.000489861 -0.000044589
    7    7   -3  0.003718629  0.004387033
    7    7    3  0.004904237 -0.003266883
   -7   -7    3  0.004904237 -0.003266883
   -7   -7   -3  0.003718629  0.004387033
   -2   -2  -10  0.000483670 -0.000031133
   -2   -2   10  0.000483670 -0.000031133
    2    2   10  0.000483670 -0.000031133
    2    2  -10  0.000483670 -0.000031133
    6    6    6  0.000483670 -0.000031133
   -6   -6    6  0.000483670 -0.000031133
    6    6   -6  0.000483670 -0.000031133
   -6   -6   -6  0.000483670 -0.000031133
   -7   -7    5  0.003118320  0.003646728
   -7   -7   -5  0.004127415 -0.002657286
    1    1   11  0.004127415 -0.002657286
    1    1  -11  0.003118320  0.003646728
   -1   -1   11  0.004127415 -0.002657286
    7    7   -5  0.004127415 -0.002657286
    7    7    5  0.003118320  0.003646728
   -1   -1  -11  0.003118320  0.003646728
    8    8    0  0.006412822  0.000955912
   -8   -8    0  0.006412822  0.000955912
    5    5   -9  0.003801379 -0.002406910
    5    5    9  0.002870229  0.003337492
   -5   -5   -9  0.003801379 -0.002406910
   -5   -5    9  0.002870229  0.003337492
   -4   -4  -10  0.000462679  0.000000829
    4    4  -10  0.000462679  0.000000829
    4    4   10  0.000462679  0.000000829
   -4   -4   10  0.000462679  0.000000829
   -8   -8   -2  0.000462679  0.000000829
    8    8   -2  0.000462679  0.000000829
    8    8    2  0.000462679  0.000000829
   -8   -8    2  0.000462679  0.000000829
    6    6    8  0.005885675  0.000890659
    6    6   -8  0.005885675  0.000890659
   -6   -6    8  0.005885675  0.000890659
   -6   -6   -8  0.005885675  0.000890659
    3    3  -11  0.002649893  0.003061195
    3    3   11  0.003509158 -0.002185621
   -3   -3   11  0.003509158 -0.002185621
   -3   -3  -11  0.002649893  0.003061195
    8    8   -4  0.005414760  0.000830094
    0    0  -12  0.005414760  0.000830094
    8    8    4  0.005414760  0.000830094
    0    0   12  0.005414760  0.000830094
   -8   -8    4  0.005414760  0.000830094
   -8   -8   -4  0.005414760  0.000830094
   -7   -7   -7  0.002453288  0.002813371
    7    7    7  0.003246200 -0.001989263
   -7   -7    7  0.003246200 -0.001989263
    7    7   -7  0.002453288  0.002813371
    2    2  -12  0.004992440  0.000773827
    2    2   12  0.004992440  0.000773827
   -2   -2   12  0.004992440  0.000773827
   -2   -2  -12  0.004992440  0.000773827
    9    9    1  0.002118569  0.002388914
   -9   -9   -1  0.002793528 -0.001658196
    9    9   -1  0.002793528 -0.001658196
   -9   -9    1  0.002118569  0.002388914
   -8   -8   -6  0.000431476  0.000028544
   -8   -8    6  0.000431476  0.000028544
    8    8    6  0.000431476  0.000028544
    8    8   -6  0.000431476  0.000028544
    5    5  -11  0.001975398  0.002206552
   -5   -5  -11  0.001975398  0.002206552
   -5   -5   11  0.002597949 -0.001518235
   -1   -1   13  0.001975398  0.002206552
    1    1  -13  0.002597949 -0.001518235
    5    5   11  0.002597949 -0.001518235
   -1   -1  -13  0.002597949 -0.001518235
    1    1   13  0.001975398  0.002206552
    9    9    3  0.002597949 -0.001518235
    9    9   -3  0.001975398  0.002206552
   -9   -9   -3  0.001975398  0.002206552
   -9   -9    3  0.002597949 -0.001518235
    6    6  -10  0.000423243  0.000033461
   -6   -6  -10  0.000423243  0.000033461
    6    6   10  0.000423243  0.000033461
   -6   -6   10  0.000423243  0.000033461
    4    4   12  0.003958407  0.000627470
   -4   -4  -12  0.003958407  0.000627470
    4    4  -12  0.003958407  0.000627470
   -4   -4   12  0.003958407  0.000627470
    7    7   -9  0.002419694 -0.001392497
    7    7    9  0.001845646  0.002040995
   -7   -7   -9  0.002419694 -0.001392497
   -7   -7    9  0.001845646  0.002040995
    3    3   13  0.001727674  0.001890335
   -3   -3   13  0.001727674  0.001890335
   -3   -3  -13  0.002256810 -0.001279258
    3    3  -13  0.002256810 -0.001279258
   -9   -9    5  0.001727674  0.001890335
    9    9   -5  0.002256810 -0.001279258
    9    9    5  0.001727674  0.001890335
   -9   -9   -5  0.002256810 -0.001279258
   -8   -8    8  0.003419256  0.000545796
   -8   -8   -8  0.003419256  0.000545796
    8    8   -8  0.003419256  0.000545796
    8    8    8  0.003419256  0.000545796
    0    0   14  0.000397786  0.000044540
    0    0  -14  0.000397786  0.000044540
   10   10    0  0.003184780  0.000509020
  -10  -10    0  0.003184780  0.000509020
   10   10    2  0.000389118  0.000047199
   10   10   -2  0.000389118  0.000047199
  -10  -10   -2  0.000389118  0.000047199
  -10  -10    2  0.000389118  0.000047199
    2    2  -14  0.000389118  0.000047199
   -2   -2   14  0.000389118  0.000047199
    2    2   14  0.000389118  0.000047199
   -2   -2  -14  0.000389118  0.000047199
   -9   -9    7  0.001844672 -0.001000784
    9    9    7  0.001844672 -0.001000784
   -9   -9   -7  0.001431440  0.001512352
    9    9   -7  0.001431440  0.001512352
  -10  -10   -4  0.002773772  0.000442610
   10   10   -4  0.002773772  0.000442610
  -10  -10    4  0.002773772  0.000442610
   10   10    4  0.002773772  0.000442610
    6    6   12  0.002773772  0.000442610
    6    6  -12  0.002773772  0.000442610
   -6   -6  -12  0.002773772  0.000442610
   -6   -6   12  0.002773772  0.000442610
    5    5  -13  0.001728560 -0.000924689
   -5   -5   13  0.001348474  0.001406867
    5    5   13  0.001348474  0.001406867
   -5   -5  -13  0.001728560 -0.000924689
    7    7   11  0.001728560 -0.000924689
    7    7  -11  0.001348474  0.001406867
   -7   -7   11  0.001728560 -0.000924689
   -7   -7  -11  0.001348474  0.001406867
    1    1   15  0.001621355 -0.000855472
    1    1  -15  0.001272017  0.001309942
   -1   -1  -15  0.001272017  0.001309942
   -1   -1   15  0.001621355 -0.000855472
   -8   -8  -10  0.000362884  0.000052732
   -4   -4  -14  0.000362884  0.000052732
    4    4  -14  0.000362884  0.000052732
   -4   -4   14  0.000362884  0.000052732
    8    8   10  0.000362884  0.000052732
    4    4   14  0.000362884  0.000052732
    8    8  -10  0.000362884  0.000052732
   -8   -8   10  0.000362884  0.000052732
  -10  -10   -6  0.000354137  0.000053890
  -10  -10    6  0.000354137  0.000053890
   10   10   -6  0.000354137  0.000053890
   10   10    6  0.000354137  0.000053890
   -3   -3   15  0.001430373 -0.000734858
    3    3   15  0.001430373 -0.000734858
    3    3  -15  0.001136034  0.001138529
   -3   -3  -15  0.001136034  0.001138529
   -9   -9    9  0.001136034  0.001138529
    9    9   -9  0.001430373 -0.000734858
  -11  -11   -1  0.001430373 -0.000734858
   11   11   -1  0.001430373 -0.000734858
   -9   -9   -9  0.001430373 -0.000734858
    9    9    9  0.001136034  0.001138529
  -11  -11    1  0.001136034  0.001138529
   11   11    1  0.001136034  0.001138529
   11   11   -3  0.001075413  0.001062651
  -11  -11    3  0.001345183 -0.000682264
  -11  -11   -3  0.001075413  0.001062651
   11   11    3  0.001345183 -0.000682264
    0    0   16  0.002002326  0.000310906
    0    0  -16  0.002002326  0.000310906
  -10  -10    8  0.001881409  0.000289409
   10   10    8  0.001881409  0.000289409
  -10  -10   -8  0.001881409  0.000289409
   10   10   -8  0.001881409  0.000289409
   -2   -2   16  0.001881409  0.000289409
    2    2  -16  0.001881409  0.000289409
    2    2   16  0.001881409  0.000289409
   -2   -2  -16  0.001881409  0.000289409
  -11  -11    5  0.000966652  0.000927639
   -7   -7  -13  0.001192445 -0.000590024
   11   11   -5  0.001192445 -0.000590024
    7    7   13  0.000966652  0.000927639
   -7   -7   13  0.000966652  0.000927639
   11   11    5  0.000966652  0.000927639
    7    7  -13  0.001192445 -0.000590024
  -11  -11   -5  0.001192445 -0.000590024
   -6   -6   14  0.000319658  0.000055922
    6    6   14  0.000319658  0.000055922
   -6   -6  -14  0.000319658  0.000055922
    6    6  -14  0.000319658  0.000055922
   -8   -8  -12  0.001769302  0.000269275
   -8   -8   12  0.001769302  0.000269275
    8    8   12  0.001769302  0.000269275
    8    8  -12  0.001769302  0.000269275
    5    5   15  0.001123901 -0.000549551
   -5   -5   15  0.001123901 -0.000549551
   -5   -5  -15  0.000917762  0.000867527
    5    5  -15  0.000917762  0.000867527
   -9   -9  -11  0.000872103  0.000811777
    9    9  -11  0.000872103  0.000811777
   -9   -9   11  0.001059996 -0.000512369
    9    9   11  0.001059996 -0.000512369
   -4   -4  -16  0.001568483  0.000232739
    4    4   16  0.001568483  0.000232739
  -12  -12    0  0.001568483  0.000232739
    4    4  -16  0.001568483  0.000232739
   12   12    0  0.001568483  0.000232739
   -4   -4   16  0.001568483  0.000232739
    1    1   17  0.000829395  0.000760017
   -1   -1   17  0.000829395  0.000760017
   -1   -1  -17  0.001000351 -0.000478171
    1    1  -17  0.001000351 -0.000478171
   11   11    7  0.001000351 -0.000478171
  -11  -11   -7  0.000829395  0.000760017
  -11  -11    7  0.001000351 -0.000478171
   11   11   -7  0.000829395  0.000760017
   12   12   -2  0.000294764  0.000055396
   12   12    2  0.000294764  0.000055396
  -12  -12    2  0.000294764  0.000055396
  -12  -12   -2  0.000294764  0.000055396
   10   10   10  0.000286712  0.000054935
  -10  -10  -10  0.000286712  0.000054935
  -10  -10   10  0.000286712  0.000054935
   10   10  -10  0.000286712  0.000054935
  -12  -12   -4  0.001394571  0.000200646
   12   12    4  0.001394571  0.000200646
   12   12   -4  0.001394571  0.000200646
  -12  -12    4  0.001394571  0.000200646
    3    3  -17  0.000892508 -0.000417653
    3    3   17  0.000751866  0.000667164
   -3   -3   17  0.000751866  0.000667164
   -3   -3  -17  0.000892508 -0.000417653
   -7   -7   15  0.000798015 -0.000366127
    7    7  -15  0.000683481  0.000586672
    7    7   15  0.000798015 -0.000366127
   -7   -7  -15  0.000683481  0.000586672
  -11  -11   -9  0.000798015 -0.000366127
   11   11   -9  0.000798015 -0.000366127
  -11  -11    9  0.000683481  0.000586672
   11   11    9  0.000683481  0.000586672
   12   12   -6  0.000263404  0.000052905
  -12  -12    6  0.000263404  0.000052905
  -12  -12   -6  0.000263404  0.000052905
   12   12    6  0.000263404  0.000052905
    0    0   18  0.000263404  0.000052905
    0    0  -18  0.000263404  0.000052905
   -8   -8   14  0.000263404  0.000052905
   -8   -8  -14  0.000263404  0.000052905
    8    8  -14  0.000263404  0.000052905
    8    8   14  0.000263404  0.000052905
   -6   -6   16  0.001175018  0.000159635
    6    6   16  0.001175018  0.000159635
   -6   -6  -16  0.001175018  0.000159635
    6    6  -16  0.001175018  0.000159635
    9    9   13  0.000652277  0.000550459
    9    9  -13  0.000755155 -0.000343252
   -9   -9  -13  0.000755155 -0.000343252
   -9   -9   13  0.000652277  0.000550459
    2    2  -18  0.000255935  0.000052055
   -2   -2  -18  0.000255935  0.000052055
    2    2   18  0.000255935  0.000052055
   -2   -2   18  0.000255935  0.000052055
   13   13   -1  0.000714932 -0.000322083
   13   13    1  0.000622865  0.000516659
  -13  -13    1  0.000622865  0.000516659
  -13  -13   -1  0.000714932 -0.000322083
    5    5   17  0.000622865  0.000516659
    5    5  -17  0.000714932 -0.000322083
   -5   -5   17  0.000622865  0.000516659
   -5   -5  -17  0.000714932 -0.000322083
   10   10   12  0.001051355  0.000136368
  -10  -10  -12  0.001051355  0.000136368
   10   10  -12  0.001051355  0.000136368
  -10  -10   12  0.001051355  0.000136368
   13   13   -3  0.000595113  0.000485087
   13   13    3  0.000677157 -0.000302475
  -13  -13   -3  0.000595113  0.000485087
  -13  -13    3  0.000677157 -0.000302475
   12   12    8  0.000995316  0.000125806
   12   12   -8  0.000995316  0.000125806
  -12  -12    8  0.000995316  0.000125806
  -12  -12   -8  0.000995316  0.000125806
    4    4   18  0.000234476  0.000049131
   -4   -4   18  0.000234476  0.000049131
   -4   -4  -18  0.000234476  0.000049131
    4    4  -18  0.000234476  0.000049131
   -1   -1   19  0.000608263 -0.000267429
   -1   -1  -19  0.000544115  0.000427970
    1    1  -19  0.000544115  0.000427970
    1    1   19  0.000608263 -0.000267429
   13   13    5  0.000544115  0.000427970
  -13  -13    5  0.000544115  0.000427970
   13   13   -5  0.000608263 -0.000267429
  -13  -13   -5  0.000608263 -0.000267429
  -11  -11  -11  0.000544115  0.000427970
   11   11  -11  0.000544115  0.000427970
  -11  -11   11  0.000608263 -0.000267429
   11   11   11  0.000608263 -0.000267429
    3    3  -19  0.000498445  0.000377936
    3    3   19  0.000547243 -0.000237210
   -3   -3   19  0.000547243 -0.000237210
   -3   -3  -19  0.000498445  0.000377936
   -8   -8  -16  0.000803500  0.000089715
    8    8  -16  0.000803500  0.000089715
    8    8   16  0.000803500  0.000089715
   -8   -8   16  0.000803500  0.000089715
  -13  -13   -7  0.000477384  0.000355261
   -7   -7   17  0.000477384  0.000355261
    7    7  -17  0.000519357 -0.000223671
   13   13   -7  0.000477384  0.000355261
    9    9   15  0.000519357 -0.000223671
   -9   -9  -15  0.000477384  0.000355261
  -13  -13    7  0.000519357 -0.000223671
   -7   -7  -17  0.000519357 -0.000223671
    7    7   17  0.000477384  0.000355261
   -9   -9   15  0.000519357 -0.000223671
   13   13    7  0.000519357 -0.000223671
    9    9  -15  0.000477384  0.000355261
  -12  -12  -10  0.000208119  0.000044663
  -12  -12   10  0.000208119  0.000044663
   12   12  -10  0.000208119  0.000044663
   12   12   10  0.000208119  0.000044663
  -14  -14    0  0.000762510  0.000082048
   14   14    0  0.000762510  0.000082048
  -10  -10  -14  0.000201932  0.000043488
   10   10  -14  0.000201932  0.000043488
   10   10   14  0.000201932  0.000043488
  -10  -10   14  0.000201932  0.000043488
  -14  -14    2  0.000201932  0.000043488
    6    6  -18  0.000201932  0.000043488
   14   14    2  0.000201932  0.000043488
   -6   -6   18  0.000201932  0.000043488
   -6   -6  -18  0.000201932  0.000043488
    6    6   18  0.000201932  0.000043488
   14   14   -2  0.000201932  0.000043488
  -14  -14   -2  0.000201932  0.000043488
    0    0  -20  0.000723923  0.000074858
    0    0   20  0.000723923  0.000074858
    2    2  -20  0.000687573  0.000068117
   -2   -2  -20  0.000687573  0.000068117
   -2   -2   20  0.000687573  0.000068117
    2    2   20  0.000687573  0.000068117
   14   14    4  0.000687573  0.000068117
  -14  -14    4  0.000687573  0.000068117
   14   14   -4  0.000687573  0.000068117
  -14  -14   -4  0.000687573  0.000068117
    5    5  -19  0.000420399  0.000295341
    5    5   19  0.000444846 -0.000188390
   -5   -5  -19  0.000420399  0.000295341
   -5   -5   19  0.000444846 -0.000188390
  -11  -11  -13  0.000444846 -0.000188390
  -11  -11   13  0.000420399  0.000295341
   11   11  -13  0.000444846 -0.000188390
   11   11   13  0.000420399  0.000295341
   13   13    9  0.000403256  0.000277765
  -13  -13    9  0.000403256  0.000277765
   13   13   -9  0.000422735 -0.000178183
  -13  -13   -9  0.000422735 -0.000178183
   14   14   -6  0.000178751  0.000038698
  -14  -14   -6  0.000178751  0.000038698
   14   14    6  0.000178751  0.000038698
  -14  -14    6  0.000178751  0.000038698
    4    4   20  0.000590493  0.000050321
   -4   -4   20  0.000590493  0.000050321
    4    4  -20  0.000590493  0.000050321
   -4   -4  -20  0.000590493  0.000050321
   12   12  -12  0.000590493  0.000050321
  -12  -12  -12  0.000590493  0.000050321
  -12  -12   12  0.000590493  0.000050321
   12   12   12  0.000590493  0.000050321
  -15  -15    1  0.000342506  0.000217424
  -15  -15   -1  0.000345746 -0.000143661
   15   15    1  0.000342506  0.000217424
   15   15   -1  0.000345746 -0.000143661
   -9   -9  -17  0.000345746 -0.000143661
    9    9  -17  0.000345746 -0.000143661
    9    9   17  0.000342506  0.000217424
   -9   -9   17  0.000342506  0.000217424
    8    8  -18  0.000162951  0.000035114
   -8   -8   18  0.000162951  0.000035114
   -8   -8  -18  0.000162951  0.000035114
    8    8   18  0.000162951  0.000035114
   10   10   16  0.000508762  0.000035685
  -14  -14   -8  0.000508762  0.000035685
