    0    0    0  0.000000000  0.002977006
    0    1    0  0.001110594  0.000307833
    1    0    0  0.001110594  0.000307833
   -1    0    0  0.001110594  0.000307833
    0   -1    0  0.001110594  0.000307833
   -1   -1    0  0.055929435  0.002190553
    1    1    0  0.055929435  0.002190553
    1   -1    0  0.055929435  0.002190553
   -1    1    0  0.055929435  0.002190553
    2    0    0  0.072212902  0.002585417
    0    2    0  0.072212902  0.002585417
   -2    0    0  0.072212902  0.002585417
    0   -2    0  0.072212902  0.002585417
   -2    1    0  0.000134233  0.000374904
    2    1    0  0.000134233  0.000374904
   -2   -1    0  0.000134233  0.000374904
    2   -1    0  0.000134233  0.000374904
    1    2    0  0.000134233  0.000374904
   -1    2    0  0.000134233  0.000374904
   -1   -2    0  0.000134233  0.000374904
    1   -2    0  0.000134233  0.000374904
    2   -2    0  0.047418275  0.002285154
   -2   -2    0  0.047418275  0.002285154
    2    2    0  0.047418275  0.002285154
   -2    2    0  0.047418275  0.002285154
    0   -3    0  0.000720915  0.000419651
   -3    0    0  0.000720915  0.000419651
    3    0    0  0.000720915  0.000419651
    0    3    0  0.000720915  0.000419651
    3    1    0  0.021277094  0.001741783
    3   -1    0  0.021277094  0.001741783
    1    3    0  0.021277094  0.001741783
   -1   -3    0  0.021277094  0.001741783
   -3   -1    0  0.021277094  0.001741783
   -1    3    0  0.021277094  0.001741783
   -3    1    0  0.021277094  0.001741783
    1   -3    0  0.021277094  0.001741783
   -3   -2    0  0.001211965  0.000449823
    2    3    0  0.001211965  0.000449823
    3    2    0  0.001211965  0.000449823
    2   -3    0  0.001211965  0.000449823
   -3    2    0  0.001211965  0.000449823
    3   -2    0  0.001211965  0.000449823
   -2    3    0  0.001211965  0.000449823
   -2   -3    0  0.001211965  0.000449823
    4    0    0  0.027045709  0.001834088
    0    4    0  0.027045709  0.001834088
    0   -4    0  0.027045709  0.001834088
   -4    0    0  0.027045709  0.001834088
    4   -1    0  0.001568822  0.000469357
   -1   -4    0  0.001568822  0.000469357
   -4   -1    0  0.001568822  0.000469357
    1    4    0  0.001568822  0.000469357
    4    1    0  0.001568822  0.000469357
   -1    4    0  0.001568822  0.000469357
    1   -4    0  0.001568822  0.000469357
   -4    1    0  0.001568822  0.000469357
    3   -3    0  0.013322217  0.001434021
   -3    3    0  0.013322217  0.001434021
   -3   -3    0  0.013322217  0.001434021
    3    3    0  0.013322217  0.001434021
    4   -2    0  0.021829681  0.001658208
    4    2    0  0.021829681  0.001658208
   -2    4    0  0.021829681  0.001658208
   -4    2    0  0.021829681  0.001658208
    2   -4    0  0.021829681  0.001658208
    2    4    0  0.021829681  0.001658208
   -4   -2    0  0.021829681  0.001658208
   -2   -4    0  0.021829681  0.001658208
    4   -3    0  0.001949406  0.000486215
    0    5    0  0.001949406  0.000486215
   -5    0    0  0.001949406  0.000486215
    3   -4    0  0.001949406  0.000486215
   -4   -3    0  0.001949406  0.000486215
    0   -5    0  0.001949406  0.000486215
    3    4    0  0.001949406  0.000486215
    4    3    0  0.001949406  0.000486215
   -3    4    0  0.001949406  0.000486215
   -4    3    0  0.001949406  0.000486215
   -3   -4    0  0.001949406  0.000486215
    5    0    0  0.001949406  0.000486215
   -1   -5    0  0.009513896  0.001202971
   -5   -1    0  0.009513896  0.001202971
    5    1    0  0.009513896  0.001202971
   -1    5    0  0.009513896  0.001202971
   -5    1    0  0.009513896  0.001202971
    5   -1    0  0.009513896  0.001202971
    1    5    0  0.009513896  0.001202971
    1   -5    0  0.009513896  0.001202971
   -5    2    0  0.002027443  0.000486828
   -2   -5    0  0.002027443  0.000486828
   -2    5    0  0.002027443  0.000486828
    2   -5    0  0.002027443  0.000486828
    5   -2    0  0.002027443  0.000486828
    2    5    0  0.002027443  0.000486828
    5    2    0  0.002027443  0.000486828
   -5   -2    0  0.002027443  0.000486828
    4   -4    0  0.013119011  0.001255386
   -4   -4    0  0.013119011  0.001255386
   -4    4    0  0.013119011  0.001255386
    4    4    0  0.013119011  0.001255386
    5    3    0  0.007257110  0.001021830
   -5   -3    0  0.007257110  0.001021830
   -3    5    0  0.007257110  0.001021830
   -5    3    0  0.007257110  0.001021830
    5   -3    0  0.007257110  0.001021830
    3   -5    0  0.007257110  0.001021830
   -3   -5    0  0.007257110  0.001021830
    3    5    0  0.007257110  0.001021830
    6    0    0  0.011394684  0.001151132
    0   -6    0  0.011394684  0.001151132
    0    6    0  0.011394684  0.001151132
   -6    0    0  0.011394684  0.001151132
   -6   -1    0  0.002056356  0.000477887
    6    1    0  0.002056356  0.000477887
    1   -6    0  0.002056356  0.000477887
   -6    1    0  0.002056356  0.000477887
   -1    6    0  0.002056356  0.000477887
   -1   -6    0  0.002056356  0.000477887
    1    6    0  0.002056356  0.000477887
    6   -1    0  0.002056356  0.000477887
    6    2    0  0.009995370  0.001058024
   -2   -6    0  0.009995370  0.001058024
    2    6    0  0.009995370  0.001058024
   -6   -2    0  0.009995370  0.001058024
   -2    6    0  0.009995370  0.001058024
    6   -2    0  0.009995370  0.001058024
    2   -6    0  0.009995370  0.001058024
   -6    2    0  0.009995370  0.001058024
   -5   -4    0  0.002031302  0.000469816
    4    5    0  0.002031302  0.000469816
    4   -5    0  0.002031302  0.000469816
   -4   -5    0  0.002031302  0.000469816
    5   -4    0  0.002031302  0.000469816
    5    4    0  0.002031302  0.000469816
   -4    5    0  0.002031302  0.000469816
   -5    4    0  0.002031302  0.000469816
   -3   -6    0  0.001990457  0.000460076
   -6    3    0  0.001990457  0.000460076
    6   -3    0  0.001990457  0.000460076
   -6   -3    0  0.001990457  0.000460076
    6    3    0  0.001990457  0.000460076
   -3    6    0  0.001990457  0.000460076
    3    6    0  0.001990457  0.000460076
    3   -6    0  0.001990457  0.000460076
    0    7    0  0.001938990  0.000449076
   -7    0    0  0.001938990  0.000449076
    7    0    0  0.001938990  0.000449076
    0   -7    0  0.001938990  0.000449076
   -5   -5    0  0.004703774  0.000755912
   -5    5    0  0.004703774  0.000755912
    5   -5    0  0.004703774  0.000755912
    5    5    0  0.004703774  0.000755912
   -1   -7    0  0.004703774  0.000755912
   -7    1    0  0.004703774  0.000755912
    7    1    0  0.004703774  0.000755912
    7   -1    0  0.004703774  0.000755912
   -7   -1    0  0.004703774  0.000755912
   -1    7    0  0.004703774  0.000755912
    1   -7    0  0.004703774  0.000755912
    1    7    0  0.004703774  0.000755912
   -4   -6    0  0.007053158  0.000830950
    4    6    0  0.007053158  0.000830950
    4   -6    0  0.007053158  0.000830950
    6    4    0  0.007053158  0.000830950
   -6   -4    0  0.007053158  0.000830950
    6   -4    0  0.007053158  0.000830950
   -4    6    0  0.007053158  0.000830950
   -6    4    0  0.007053158  0.000830950
   -2    7    0  0.001880619  0.000437140
   -7    2    0  0.001880619  0.000437140
    7   -2    0  0.001880619  0.000437140
    7    2    0  0.001880619  0.000437140
   -2   -7    0  0.001880619  0.000437140
    2    7    0  0.001880619  0.000437140
   -7   -2    0  0.001880619  0.000437140
    2   -7    0  0.001880619  0.000437140
   -7    3    0  0.003914352  0.000655916
    7    3    0  0.003914352  0.000655916
   -3    7    0  0.003914352  0.000655916
    3   -7    0  0.003914352  0.000655916
    3    7    0  0.003914352  0.000655916
   -7   -3    0  0.003914352  0.000655916
    7   -3    0  0.003914352  0.000655916
   -3   -7    0  0.003914352  0.000655916
    6   -5    0  0.001753142  0.000411459
    5    6    0  0.001753142  0.000411459
    5   -6    0  0.001753142  0.000411459
   -5    6    0  0.001753142  0.000411459
   -6    5    0  0.001753142  0.000411459
   -6   -5    0  0.001753142  0.000411459
   -5   -6    0  0.001753142  0.000411459
    6    5    0  0.001753142  0.000411459
    0   -8    0  0.005216465  0.000661231
   -8    0    0  0.005216465  0.000661231
    0    8    0  0.005216465  0.000661231
    8    0    0  0.005216465  0.000661231
   -1   -8    0  0.001687364  0.000398093
    1   -8    0  0.001687364  0.000398093
   -7   -4    0  0.001687364  0.000398093
    1    8    0  0.001687364  0.000398093
   -4   -7    0  0.001687364  0.000398093
   -7    4    0  0.001687364  0.000398093
    8   -1    0  0.001687364  0.000398093
    4    7    0  0.001687364  0.000398093
   -8    1    0  0.001687364  0.000398093
    7    4    0  0.001687364  0.000398093
    7   -4    0  0.001687364  0.000398093
    8    1    0  0.001687364  0.000398093
   -1    8    0  0.001687364  0.000398093
   -8   -1    0  0.001687364  0.000398093
    4   -7    0  0.001687364  0.000398093
   -4    7    0  0.001687364  0.000398093
   -8    2    0  0.004753427  0.000614128
    2    8    0  0.004753427  0.000614128
   -2    8    0  0.004753427  0.000614128
   -2   -8    0  0.004753427  0.000614128
    2   -8    0  0.004753427  0.000614128
    8   -2    0  0.004753427  0.000614128
    8    2    0  0.004753427  0.000614128
   -8   -2    0  0.004753427  0.000614128
    6    6    0  0.004345011  0.000570923
    6   -6    0  0.004345011  0.000570923
   -6   -6    0  0.004345011  0.000570923
   -6    6    0  0.004345011  0.000570923
   -3    8    0  0.001556833  0.000371004
   -8   -3    0  0.001556833  0.000371004
    8   -3    0  0.001556833  0.000371004
   -8    3    0  0.001556833  0.000371004
    3    8    0  0.001556833  0.000371004
    8    3    0  0.001556833  0.000371004
    3   -8    0  0.001556833  0.000371004
   -3   -8    0  0.001556833  0.000371004
   -7    5    0  0.002822461  0.000499872
    7    5    0  0.002822461  0.000499872
    5    7    0  0.002822461  0.000499872
    7   -5    0  0.002822461  0.000499872
   -5   -7    0  0.002822461  0.000499872
   -5    7    0  0.002822461  0.000499872
   -7   -5    0  0.002822461  0.000499872
    5   -7    0  0.002822461  0.000499872
    8    4    0  0.003660116  0.000494653
    8   -4    0  0.003660116  0.000494653
   -8   -4    0  0.003660116  0.000494653
   -8    4    0  0.003660116  0.000494653
    4   -8    0  0.003660116  0.000494653
    4    8    0  0.003660116  0.000494653
   -4    8    0  0.003660116  0.000494653
   -4   -8    0  0.003660116  0.000494653
    0   -9    0  0.001431403  0.000344071
    9    0    0  0.001431403  0.000344071
   -9    0    0  0.001431403  0.000344071
    0    9    0  0.001431403  0.000344071
   -1    9    0  0.002432104  0.000438389
    9    1    0  0.002432104  0.000438389
   -9   -1    0  0.002432104  0.000438389
    1    9    0  0.002432104  0.000438389
    9   -1    0  0.002432104  0.000438389
    1   -9    0  0.002432104  0.000438389
   -1   -9    0  0.002432104  0.000438389
   -9    1    0  0.002432104  0.000438389
   -7    6    0  0.001371402  0.000330836
   -6    7    0  0.001371402  0.000330836
    9    2    0  0.001371402  0.000330836
   -2    9    0  0.001371402  0.000330836
    7   -6    0  0.001371402  0.000330836
   -6   -7    0  0.001371402  0.000330836
    6    7    0  0.001371402  0.000330836
    7    6    0  0.001371402  0.000330836
   -7   -6    0  0.001371402  0.000330836
    2   -9    0  0.001371402  0.000330836
    9   -2    0  0.001371402  0.000330836
    6   -7    0  0.001371402  0.000330836
   -9   -2    0  0.001371402  0.000330836
   -2   -9    0  0.001371402  0.000330836
   -9    2    0  0.001371402  0.000330836
    2    9    0  0.001371402  0.000330836
    8   -5    0  0.001313430  0.000317820
   -5   -8    0  0.001313430  0.000317820
   -8   -5    0  0.001313430  0.000317820
   -8    5    0  0.001313430  0.000317820
   -5    8    0  0.001313430  0.000317820
    8    5    0  0.001313430  0.000317820
    5   -8    0  0.001313430  0.000317820
    5    8    0  0.001313430  0.000317820
    3   -9    0  0.002111366  0.000385364
   -9    3    0  0.002111366  0.000385364
   -9   -3    0  0.002111366  0.000385364
   -3    9    0  0.002111366  0.000385364
   -3   -9    0  0.002111366  0.000385364
    9    3    0  0.002111366  0.000385364
    3    9    0  0.002111366  0.000385364
    9   -3    0  0.002111366  0.000385364
    9    4    0  0.001203852  0.000292583
   -4    9    0  0.001203852  0.000292583
   -9   -4    0  0.001203852  0.000292583
    4   -9    0  0.001203852  0.000292583
    4    9    0  0.001203852  0.000292583
   -9    4    0  0.001203852  0.000292583
   -4   -9    0  0.001203852  0.000292583
    9   -4    0  0.001203852  0.000292583
    7    7    0  0.001844443  0.000339392
    7   -7    0  0.001844443  0.000339392
   -7   -7    0  0.001844443  0.000339392
   -7    7    0  0.001844443  0.000339392
   -8   -6    0  0.002474548  0.000349555
    8   -6    0  0.002474548  0.000349555
    0  -10    0  0.002474548  0.000349555
  -10    0    0  0.002474548  0.000349555
    8    6    0  0.002474548  0.000349555
   -8    6    0  0.002474548  0.000349555
    6    8    0  0.002474548  0.000349555
   10    0    0  0.002474548  0.000349555
   -6    8    0  0.002474548  0.000349555
   -6   -8    0  0.002474548  0.000349555
    0   10    0  0.002474548  0.000349555
    6   -8    0  0.002474548  0.000349555
   10   -1    0  0.001152282  0.000280412
    1  -10    0  0.001152282  0.000280412
   -1   10    0  0.001152282  0.000280412
   10    1    0  0.001152282  0.000280412
  -10   -1    0  0.001152282  0.000280412
   -1  -10    0  0.001152282  0.000280412
    1   10    0  0.001152282  0.000280412
  -10    1    0  0.001152282  0.000280412
  -10   -2    0  0.002300035  0.000326583
   10   -2    0  0.002300035  0.000326583
   -2   10    0  0.002300035  0.000326583
    2  -10    0  0.002300035  0.000326583
    2   10    0  0.002300035  0.000326583
   10    2    0  0.002300035  0.000326583
   -2  -10    0  0.002300035  0.000326583
  -10    2    0  0.002300035  0.000326583
   -5   -9    0  0.001619971  0.000299354
   -9   -5    0  0.001619971  0.000299354
    5    9    0  0.001619971  0.000299354
   -5    9    0  0.001619971  0.000299354
    9    5    0  0.001619971  0.000299354
    9   -5    0  0.001619971  0.000299354
   -9    5    0  0.001619971  0.000299354
    5   -9    0  0.001619971  0.000299354
    3  -10    0  0.001055477  0.000257046
  -10   -3    0  0.001055477  0.000257046
    3   10    0  0.001055477  0.000257046
   10   -3    0  0.001055477  0.000257046
   -3   10    0  0.001055477  0.000257046
  -10    3    0  0.001055477  0.000257046
   10    3    0  0.001055477  0.000257046
   -3  -10    0  0.001055477  0.000257046
   -8   -7    0  0.001010149  0.000245870
    7   -8    0  0.001010149  0.000245870
    8   -7    0  0.001010149  0.000245870
    7    8    0  0.001010149  0.000245870
   -7   -8    0  0.001010149  0.000245870
   -8    7    0  0.001010149  0.000245870
   -7    8    0  0.001010149  0.000245870
    8    7    0  0.001010149  0.000245870
   -4   10    0  0.001862401  0.000266877
    4   10    0  0.001862401  0.000266877
   -4  -10    0  0.001862401  0.000266877
   10    4    0  0.001862401  0.000266877
    4  -10    0  0.001862401  0.000266877
  -10    4    0  0.001862401  0.000266877
   10   -4    0  0.001862401  0.000266877
  -10   -4    0  0.001862401  0.000266877
    9    6    0  0.000966793  0.000235041
   -6   -9    0  0.000966793  0.000235041
   -6    9    0  0.000966793  0.000235041
   -9   -6    0  0.000966793  0.000235041
    9   -6    0  0.000966793  0.000235041
    6    9    0  0.000966793  0.000235041
   -9    6    0  0.000966793  0.000235041
    6   -9    0  0.000966793  0.000235041
  -11    0    0  0.000925342  0.000224559
    0  -11    0  0.000925342  0.000224559
   11    0    0  0.000925342  0.000224559
    0   11    0  0.000925342  0.000224559
    1  -11    0  0.001266774  0.000233624
   -1   11    0  0.001266774  0.000233624
  -11   -1    0  0.001266774  0.000233624
   11    1    0  0.001266774  0.000233624
  -11    1    0  0.001266774  0.000233624
   -1  -11    0  0.001266774  0.000233624
   11   -1    0  0.001266774  0.000233624
    1   11    0  0.001266774  0.000233624
   -5  -10    0  0.000885729  0.000214425
   -5   10    0  0.000885729  0.000214425
   -2  -11    0  0.000885729  0.000214425
   -2   11    0  0.000885729  0.000214425
    2   11    0  0.000885729  0.000214425
  -10   -5    0  0.000885729  0.000214425
  -11    2    0  0.000885729  0.000214425
    5  -10    0  0.000885729  0.000214425
   10   -5    0  0.000885729  0.000214425
   11   -2    0  0.000885729  0.000214425
   10    5    0  0.000885729  0.000214425
    2  -11    0  0.000885729  0.000214425
  -11   -2    0  0.000885729  0.000214425
    5   10    0  0.000885729  0.000214425
  -10    5    0  0.000885729  0.000214425
   11    2    0  0.000885729  0.000214425
    8    8    0  0.001524584  0.000218544
   -8    8    0  0.001524584  0.000218544
    8   -8    0  0.001524584  0.000218544
   -8   -8    0  0.001524584  0.000218544
   11   -3    0  0.001126750  0.000206583
   -3  -11    0  0.001126750  0.000206583
    3   11    0  0.001126750  0.000206583
   11    3    0  0.001126750  0.000206583
    3  -11    0  0.001126750  0.000206583
   -3   11    0  0.001126750  0.000206583
  -11   -3    0  0.001126750  0.000206583
  -11    3    0  0.001126750  0.000206583
   -7    9    0  0.001126750  0.000206583
   -9   -7    0  0.001126750  0.000206583
    7   -9    0  0.001126750  0.000206583
    7    9    0  0.001126750  0.000206583
    9   -7    0  0.001126750  0.000206583
   -7   -9    0  0.001126750  0.000206583
    9    7    0  0.001126750  0.000206583
   -9    7    0  0.001126750  0.000206583
  -10   -6    0  0.001341181  0.000191404
   -6   10    0  0.001341181  0.000191404
   10    6    0  0.001341181  0.000191404
   10   -6    0  0.001341181  0.000191404
    6  -10    0  0.001341181  0.000191404
   -6  -10    0  0.001341181  0.000191404
  -10    6    0  0.001341181  0.000191404
    6   10    0  0.001341181  0.000191404
   11   -4    0  0.000777199  0.000186084
   -4  -11    0  0.000777199  0.000186084
    4   11    0  0.000777199  0.000186084
  -11    4    0  0.000777199  0.000186084
    4  -11    0  0.000777199  0.000186084
   11    4    0  0.000777199  0.000186084
   -4   11    0  0.000777199  0.000186084
  -11   -4    0  0.000777199  0.000186084
  -12    0    0  0.001184291  0.000167648
    0  -12    0  0.001184291  0.000167648
    0   12    0  0.001184291  0.000167648
   12    0    0  0.001184291  0.000167648
   -8   -9    0  0.000712732  0.000168859
   -8    9    0  0.000712732  0.000168859
    9    8    0  0.000712732  0.000168859
   -1   12    0  0.000712732  0.000168859
   -1  -12    0  0.000712732  0.000168859
    8    9    0  0.000712732  0.000168859
    8   -9    0  0.000712732  0.000168859
   -9   -8    0  0.000712732  0.000168859
   -9    8    0  0.000712732  0.000168859
  -12    1    0  0.000712732  0.000168859
    1  -12    0  0.000712732  0.000168859
    9   -8    0  0.000712732  0.000168859
    1   12    0  0.000712732  0.000168859
   12    1    0  0.000712732  0.000168859
   12   -1    0  0.000712732  0.000168859
  -12   -1    0  0.000712732  0.000168859
   11    5    0  0.000900246  0.000161594
  -11    5    0  0.000900246  0.000161594
    5   11    0  0.000900246  0.000161594
    5  -11    0  0.000900246  0.000161594
   -5   11    0  0.000900246  0.000161594
   -5  -11    0  0.000900246  0.000161594
   11   -5    0  0.000900246  0.000161594
  -11   -5    0  0.000900246  0.000161594
  -12   -2    0  0.001114331  0.000156887
    2   12    0  0.001114331  0.000156887
   -2  -12    0  0.001114331  0.000156887
  -12    2    0  0.001114331  0.000156887
   12    2    0  0.001114331  0.000156887
   -2   12    0  0.001114331  0.000156887
   12   -2    0  0.001114331  0.000156887
    2  -12    0  0.001114331  0.000156887
  -10   -7    0  0.000682660  0.000160728
   -7   10    0  0.000682660  0.000160728
   -7  -10    0  0.000682660  0.000160728
   10    7    0  0.000682660  0.000160728
    7  -10    0  0.000682660  0.000160728
    7   10    0  0.000682660  0.000160728
   10   -7    0  0.000682660  0.000160728
  -10    7    0  0.000682660  0.000160728
   12   -3    0  0.000653943  0.000152909
    3   12    0  0.000653943  0.000152909
   -3   12    0  0.000653943  0.000152909
    3  -12    0  0.000653943  0.000152909
   -3  -12    0  0.000653943  0.000152909
  -12   -3    0  0.000653943  0.000152909
   12    3    0  0.000653943  0.000152909
  -12    3    0  0.000653943  0.000152909
    6  -11    0  0.000626519  0.000145394
   -6   11    0  0.000626519  0.000145394
  -11    6    0  0.000626519  0.000145394
   11   -6    0  0.000626519  0.000145394
  -11   -6    0  0.000626519  0.000145394
    6   11    0  0.000626519  0.000145394
   11    6    0  0.000626519  0.000145394
   -6  -11    0  0.000626519  0.000145394
  -12   -4    0  0.000932789  0.000128463
   12   -4    0  0.000932789  0.000128463
   12    4    0  0.000932789  0.000128463
   -4   12    0  0.000932789  0.000128463
   -4  -12    0  0.000932789  0.000128463
  -12    4    0  0.000932789  0.000128463
    4   12    0  0.000932789  0.000128463
    4  -12    0  0.000932789  0.000128463
    9   -9    0  0.000727455  0.000126218
   -9   -9    0  0.000727455  0.000126218
    9    9    0  0.000727455  0.000126218
   -9    9    0  0.000727455  0.000126218
  -10   -8    0  0.000880434  0.000120129
   10    8    0  0.000880434  0.000120129
   -8   10    0  0.000880434  0.000120129
   -8  -10    0  0.000880434  0.000120129
    8   10    0  0.000880434  0.000120129
  -10    8    0  0.000880434  0.000120129
   10   -8    0  0.000880434  0.000120129
    8  -10    0  0.000880434  0.000120129
   12   -5    0  0.000551417  0.000124586
  -12    5    0  0.000551417  0.000124586
   -5   12    0  0.000551417  0.000124586
   12    5    0  0.000551417  0.000124586
    5  -12    0  0.000551417  0.000124586
   -5  -12    0  0.000551417  0.000124586
  -12   -5    0  0.000551417  0.000124586
    5   12    0  0.000551417  0.000124586
    0   13    0  0.000551417  0.000124586
   13    0    0  0.000551417  0.000124586
    0  -13    0  0.000551417  0.000124586
  -13    0    0  0.000551417  0.000124586
    7   11    0  0.000656342  0.000111399
   -7  -11    0  0.000656342  0.000111399
  -11    7    0  0.000656342  0.000111399
   11    7    0  0.000656342  0.000111399
    7  -11    0  0.000656342  0.000111399
  -11   -7    0  0.000656342  0.000111399
   -7   11    0  0.000656342  0.000111399
   11   -7    0  0.000656342  0.000111399
   -1   13    0  0.000656342  0.000111399
   -1  -13    0  0.000656342  0.000111399
    1  -13    0  0.000656342  0.000111399
   13   -1    0  0.000656342  0.000111399
   13    1    0  0.000656342  0.000111399
  -13   -1    0  0.000656342  0.000111399
  -13    1    0  0.000656342  0.000111399
    1   13    0  0.000656342  0.000111399
   -2   13    0  0.000528591  0.000118202
    2  -13    0  0.000528591  0.000118202
   13    2    0  0.000528591  0.000118202
   -2  -13    0  0.000528591  0.000118202
  -13    2    0  0.000528591  0.000118202
   13   -2    0  0.000528591  0.000118202
  -13   -2    0  0.000528591  0.000118202
    2   13    0  0.000528591  0.000118202
  -13   -3    0  0.000593494  0.000098186
   13    3    0  0.000593494  0.000098186
   -3  -13    0  0.000593494  0.000098186
   -3   13    0  0.000593494  0.000098186
   13   -3    0  0.000593494  0.000098186
  -13    3    0  0.000593494  0.000098186
    3   13    0  0.000593494  0.000098186
    3  -13    0  0.000593494  0.000098186
    6  -12    0  0.000703617  0.000091524
  -12   -6    0  0.000703617  0.000091524
   12   -6    0  0.000703617  0.000091524
   12    6    0  0.000703617  0.000091524
    6   12    0  0.000703617  0.000091524
  -12    6    0  0.000703617  0.000091524
   -6   12    0  0.000703617  0.000091524
   -6  -12    0  0.000703617  0.000091524
    9  -10    0  0.000485944  0.000106209
   10   -9    0  0.000485944  0.000106209
    9   10    0  0.000485944  0.000106209
  -10    9    0  0.000485944  0.000106209
   10    9    0  0.000485944  0.000106209
   -9  -10    0  0.000485944  0.000106209
  -10   -9    0  0.000485944  0.000106209
   -9   10    0  0.000485944  0.000106209
  -11   -8    0  0.000466030  0.000100584
    8  -11    0  0.000466030  0.000100584
   11    8    0  0.000466030  0.000100584
  -13   -4    0  0.000466030  0.000100584
    8   11    0  0.000466030  0.000100584
   13    4    0  0.000466030  0.000100584
  -13    4    0  0.000466030  0.000100584
  -11    8    0  0.000466030  0.000100584
    4  -13    0  0.000466030  0.000100584
   -8   11    0  0.000466030  0.000100584
   11   -8    0  0.000466030  0.000100584
   13   -4    0  0.000466030  0.000100584
   -8  -11    0  0.000466030  0.000100584
   -4  -13    0  0.000466030  0.000100584
    4   13    0  0.000466030  0.000100584
   -4   13    0  0.000466030  0.000100584
  -12    7    0  0.000428803  0.000090035
    7  -12    0  0.000428803  0.000090035
   12    7    0  0.000428803  0.000090035
   -7   12    0  0.000428803  0.000090035
   12   -7    0  0.000428803  0.000090035
  -12   -7    0  0.000428803  0.000090035
   -7  -12    0  0.000428803  0.000090035
    7   12    0  0.000428803  0.000090035
   -5   13    0  0.000488207  0.000075839
  -13   -5    0  0.000488207  0.000075839
   13   -5    0  0.000488207  0.000075839
    5  -13    0  0.000488207  0.000075839
   13    5    0  0.000488207  0.000075839
    5   13    0  0.000488207  0.000075839
  -13    5    0  0.000488207  0.000075839
   -5  -13    0  0.000488207  0.000075839
  -14    0    0  0.000567928  0.000069113
    0   14    0  0.000567928  0.000069113
    0  -14    0  0.000567928  0.000069113
   14    0    0  0.000567928  0.000069113
   -1   14    0  0.000411409  0.000085094
   -1  -14    0  0.000411409  0.000085094
    1  -14    0  0.000411409  0.000085094
    1   14    0  0.000411409  0.000085094
  -14   -1    0  0.000411409  0.000085094
  -14    1    0  0.000411409  0.000085094
   14    1    0  0.000411409  0.000085094
   14   -1    0  0.000411409  0.000085094
  -10   10    0  0.000539069  0.000064301
   10  -10    0  0.000539069  0.000064301
  -10  -10    0  0.000539069  0.000064301
   10   10    0  0.000539069  0.000064301
   14    2    0  0.000539069  0.000064301
  -14   -2    0  0.000539069  0.000064301
  -14    2    0  0.000539069  0.000064301
   -2  -14    0  0.000539069  0.000064301
   14   -2    0  0.000539069  0.000064301
    2   14    0  0.000539069  0.000064301
   -2   14    0  0.000539069  0.000064301
    2  -14    0  0.000539069  0.000064301
   11   -9    0  0.000444004  0.000066399
   -9  -11    0  0.000444004  0.000066399
   11    9    0  0.000444004  0.000066399
  -11   -9    0  0.000444004  0.000066399
  -11    9    0  0.000444004  0.000066399
    9   11    0  0.000444004  0.000066399
    9  -11    0  0.000444004  0.000066399
   -9   11    0  0.000444004  0.000066399
   13   -6    0  0.000378873  0.000075840
  -14   -3    0  0.000378873  0.000075840
   -6  -13    0  0.000378873  0.000075840
   14    3    0  0.000378873  0.000075840
  -14    3    0  0.000378873  0.000075840
  -13    6    0  0.000378873  0.000075840
    6   13    0  0.000378873  0.000075840
   13    6    0  0.000378873  0.000075840
    3   14    0  0.000378873  0.000075840
  -13   -6    0  0.000378873  0.000075840
   -3   14    0  0.000378873  0.000075840
    3  -14    0  0.000378873  0.000075840
   -6   13    0  0.000378873  0.000075840
   14   -3    0  0.000378873  0.000075840
   -3  -14    0  0.000378873  0.000075840
    6  -13    0  0.000378873  0.000075840
    8  -12    0  0.000486439  0.000055493
    8   12    0  0.000486439  0.000055493
   -8  -12    0  0.000486439  0.000055493
   -8   12    0  0.000486439  0.000055493
   12   -8    0  0.000486439  0.000055493
  -12   -8    0  0.000486439  0.000055493
  -12    8    0  0.000486439  0.000055493
   12    8    0  0.000486439  0.000055493
   14   -4    0  0.000462433  0.000051463
    4   14    0  0.000462433  0.000051463
    4  -14    0  0.000462433  0.000051463
   14    4    0  0.000462433  0.000051463
  -14   -4    0  0.000462433  0.000051463
   -4  -14    0  0.000462433  0.000051463
   -4   14    0  0.000462433  0.000051463
  -14    4    0  0.000462433  0.000051463
   13    7    0  0.000369036  0.000050364
    7  -13    0  0.000369036  0.000050364
  -13    7    0  0.000369036  0.000050364
   -7  -13    0  0.000369036  0.000050364
    7   13    0  0.000369036  0.000050364
   13   -7    0  0.000369036  0.000050364
  -13   -7    0  0.000369036  0.000050364
   -7   13    0  0.000369036  0.000050364
  -11   10    0  0.000321858  0.000059637
  -10   11    0  0.000321858  0.000059637
   11   10    0  0.000321858  0.000059637
   10   11    0  0.000321858  0.000059637
  -11  -10    0  0.000321858  0.000059637
   10  -11    0  0.000321858  0.000059637
   11  -10    0  0.000321858  0.000059637
  -10  -11    0  0.000321858  0.000059637
   14   -5    0  0.000321858  0.000059637
   -5   14    0  0.000321858  0.000059637
    5  -14    0  0.000321858  0.000059637
    5   14    0  0.000321858  0.000059637
   14    5    0  0.000321858  0.000059637
   -5  -14    0  0.000321858  0.000059637
  -14    5    0  0.000321858  0.000059637
  -14   -5    0  0.000321858  0.000059637
  -15    0    0  0.000309106  0.000056025
    0   15    0  0.000309106  0.000056025
   12    9    0  0.000309106  0.000056025
   -9   12    0  0.000309106  0.000056025
    9  -12    0  0.000309106  0.000056025
  -12   -9    0  0.000309106  0.000056025
    9   12    0  0.000309106  0.000056025
  -12    9    0  0.000309106  0.000056025
   12   -9    0  0.000309106  0.000056025
   -9  -12    0  0.000309106  0.000056025
   15    0    0  0.000309106  0.000056025
    0  -15    0  0.000309106  0.000056025
    1   15    0  0.000337192  0.000043565
   -1  -15    0  0.000337192  0.000043565
  -15    1    0  0.000337192  0.000043565
   15   -1    0  0.000337192  0.000043565
   15    1    0  0.000337192  0.000043565
  -15   -1    0  0.000337192  0.000043565
   -1   15    0  0.000337192  0.000043565
    1  -15    0  0.000337192  0.000043565
   -2   15    0  0.000296899  0.000052574
   15   -2    0  0.000296899  0.000052574
   15    2    0  0.000296899  0.000052574
  -15   -2    0  0.000296899  0.000052574
    2  -15    0  0.000296899  0.000052574
   -2  -15    0  0.000296899  0.000052574
  -15    2    0  0.000296899  0.000052574
    2   15    0  0.000296899  0.000052574
    6  -14    0  0.000361557  0.000034498
  -14   -6    0  0.000361557  0.000034498
   -6   14    0  0.000361557  0.000034498
   14    6    0  0.000361557  0.000034498
  -14    6    0  0.000361557  0.000034498
   14   -6    0  0.000361557  0.000034498
   -6  -14    0  0.000361557  0.000034498
    6   14    0  0.000361557  0.000034498
   13    8    0  0.000285213  0.000049279
  -13   -8    0  0.000285213  0.000049279
    8  -13    0  0.000285213  0.000049279
   -8   13    0  0.000285213  0.000049279
  -13    8    0  0.000285213  0.000049279
   -8  -13    0  0.000285213  0.000049279
   13   -8    0  0.000285213  0.000049279
    8   13    0  0.000285213  0.000049279
  -15    3    0  0.000308515  0.000037465
   -3  -15    0  0.000308515  0.000037465
    3  -15    0  0.000308515  0.000037465
   -3   15    0  0.000308515  0.000037465
   15   -3    0  0.000308515  0.000037465
    3   15    0  0.000308515  0.000037465
   15    3    0  0.000308515  0.000037465
  -15   -3    0  0.000308515  0.000037465
    4  -15    0  0.000263306  0.000043131
   -4  -15    0  0.000263306  0.000043131
   15    4    0  0.000263306  0.000043131
    4   15    0  0.000263306  0.000043131
  -15   -4    0  0.000263306  0.000043131
   15   -4    0  0.000263306  0.000043131
   -4   15    0  0.000263306  0.000043131
  -15    4    0  0.000263306  0.000043131
  -11   11    0  0.000282636  0.000031991
   11  -11    0  0.000282636  0.000031991
  -11  -11    0  0.000282636  0.000031991
   11   11    0  0.000282636  0.000031991
  -12   10    0  0.000313527  0.000026447
   10  -12    0  0.000313527  0.000026447
   12  -10    0  0.000313527  0.000026447
   12   10    0  0.000313527  0.000026447
  -10   12    0  0.000313527  0.000026447
  -10  -12    0  0.000313527  0.000026447
   10   12    0  0.000313527  0.000026447
  -12  -10    0  0.000313527  0.000026447
   14    7    0  0.000253040  0.000040267
  -14   -7    0  0.000253040  0.000040267
   14   -7    0  0.000253040  0.000040267
   -7   14    0  0.000253040  0.000040267
   -7  -14    0  0.000253040  0.000040267
    7   14    0  0.000253040  0.000040267
    7  -14    0  0.000253040  0.000040267
  -14    7    0  0.000253040  0.000040267
   -5   15    0  0.000259238  0.000027077
  -15    5    0  0.000259238  0.000027077
   -5  -15    0  0.000259238  0.000027077
    5  -15    0  0.000259238  0.000027077
   15    5    0  0.000259238  0.000027077
  -15   -5    0  0.000259238  0.000027077
  -13   -9    0  0.000259238  0.000027077
   13    9    0  0.000259238  0.000027077
   -9  -13    0  0.000259238  0.000027077
   15   -5    0  0.000259238  0.000027077
    5   15    0  0.000259238  0.000027077
    9  -13    0  0.000259238  0.000027077
    9   13    0  0.000259238  0.000027077
   13   -9    0  0.000259238  0.000027077
  -13    9    0  0.000259238  0.000027077
   -9   13    0  0.000259238  0.000027077
  -16    0    0  0.000272817  0.000019679
   16    0    0  0.000272817  0.000019679
    0  -16    0  0.000272817  0.000019679
    0   16    0  0.000272817  0.000019679
   -1  -16    0  0.000224755  0.000032444
    1   16    0  0.000224755  0.000032444
  -16   -1    0  0.000224755  0.000032444
   -1   16    0  0.000224755  0.000032444
  -16    1    0  0.000224755  0.000032444
   16   -1    0  0.000224755  0.000032444
   16    1    0  0.000224755  0.000032444
    1  -16    0  0.000224755  0.000032444
    2   16    0  0.000260644  0.000017672
   14   -8    0  0.000260644  0.000017672
    8   14    0  0.000260644  0.000017672
   -8   14    0  0.000260644  0.000017672
   -2  -16    0  0.000260644  0.000017672
  -16    2    0  0.000260644  0.000017672
    2  -16    0  0.000260644  0.000017672
   16   -2    0  0.000260644  0.000017672
   -8  -14    0  0.000260644  0.000017672
  -14   -8    0  0.000260644  0.000017672
   16    2    0  0.000260644  0.000017672
  -14    8    0  0.000260644  0.000017672
   -2   16    0  0.000260644  0.000017672
    8  -14    0  0.000260644  0.000017672
  -16   -2    0  0.000260644  0.000017672
   14    8    0  0.000260644  0.000017672
    6  -15    0  0.000216101  0.000030077
  -15    6    0  0.000216101  0.000030077
   15   -6    0  0.000216101  0.000030077
   -6  -15    0  0.000216101  0.000030077
   15    6    0  0.000216101  0.000030077
  -15   -6    0  0.000216101  0.000030077
   -6   15    0  0.000216101  0.000030077
    6   15    0  0.000216101  0.000030077
  -12  -11    0  0.000207805  0.000027821
  -12   11    0  0.000207805  0.000027821
   12  -11    0  0.000207805  0.000027821
   11   12    0  0.000207805  0.000027821
  -11   12    0  0.000207805  0.000027821
  -11  -12    0  0.000207805  0.000027821
   11  -12    0  0.000207805  0.000027821
   12   11    0  0.000207805  0.000027821
    3  -16    0  0.000207805  0.000027821
    3   16    0  0.000207805  0.000027821
   16   -3    0  0.000207805  0.000027821
   -3  -16    0  0.000207805  0.000027821
   -3   16    0  0.000207805  0.000027821
  -16    3    0  0.000207805  0.000027821
  -16   -3    0  0.000207805  0.000027821
   16    3    0  0.000207805  0.000027821
   10  -13    0  0.000199851  0.000025672
  -13  -10    0  0.000199851  0.000025672
  -10   13    0  0.000199851  0.000025672
  -10  -13    0  0.000199851  0.000025672
   13   10    0  0.000199851  0.000025672
   10   13    0  0.000199851  0.000025672
  -13   10    0  0.000199851  0.000025672
   13  -10    0  0.000199851  0.000025672
  -16    4    0  0.000227748  0.000012304
    4  -16    0  0.000227748  0.000012304
   16    4    0  0.000227748  0.000012304
    4   16    0  0.000227748  0.000012304
  -16   -4    0  0.000227748  0.000012304
   -4   16    0  0.000227748  0.000012304
   -4  -16    0  0.000227748  0.000012304
   16   -4    0  0.000227748  0.000012304
   15   -7    0  0.000201334  0.000015161
   15    7    0  0.000201334  0.000015161
   -7  -15    0  0.000201334  0.000015161
   -7   15    0  0.000201334  0.000015161
    7  -15    0  0.000201334  0.000015161
  -15   -7    0  0.000201334  0.000015161
    7   15    0  0.000201334  0.000015161
  -15    7    0  0.000201334  0.000015161
  -14   -9    0  0.000184911  0.000021678
   -9   14    0  0.000184911  0.000021678
   14    9    0  0.000184911  0.000021678
    9   14    0  0.000184911  0.000021678
   14   -9    0  0.000184911  0.000021678
    9  -14    0  0.000184911  0.000021678
   -9  -14    0  0.000184911  0.000021678
  -14    9    0  0.000184911  0.000021678
   -5   16    0  0.000177895  0.000019825
   16    5    0  0.000177895  0.000019825
   -5  -16    0  0.000177895  0.000019825
    5  -16    0  0.000177895  0.000019825
  -16   -5    0  0.000177895  0.000019825
   16   -5    0  0.000177895  0.000019825
    5   16    0  0.000177895  0.000019825
  -16    5    0  0.000177895  0.000019825
  -12  -12    0  0.000191085  0.000006464
   12   12    0  0.000191085  0.000006464
  -12   12    0  0.000191085  0.000006464
   12  -12    0  0.000191085  0.000006464
   15    8    0  0.000164708  0.000016385
    0   17    0  0.000164708  0.000016385
  -15   -8    0  0.000164708  0.000016385
   17    0    0  0.000164708  0.000016385
   -8   15    0  0.000164708  0.000016385
   15   -8    0  0.000164708  0.000016385
    8  -15    0  0.000164708  0.000016385
    8   15    0  0.000164708  0.000016385
   -8  -15    0  0.000164708  0.000016385
  -15    8    0  0.000164708  0.000016385
  -17    0    0  0.000164708  0.000016385
    0  -17    0  0.000164708  0.000016385
  -13  -11    0  0.000170922  0.000009131
   13   11    0  0.000170922  0.000009131
  -13   11    0  0.000170922  0.000009131
   11  -13    0  0.000170922  0.000009131
   11   13    0  0.000170922  0.000009131
  -11   13    0  0.000170922  0.000009131
  -11  -13    0  0.000170922  0.000009131
   13  -11    0  0.000170922  0.000009131
    1  -17    0  0.000170922  0.000009131
   -1  -17    0  0.000170922  0.000009131
    1   17    0  0.000170922  0.000009131
   -1   17    0  0.000170922  0.000009131
   17    1    0  0.000170922  0.000009131
   17   -1    0  0.000170922  0.000009131
  -17    1    0  0.000170922  0.000009131
  -17   -1    0  0.000170922  0.000009131
    6  -16    0  0.000183014  0.000005206
   16    6    0  0.000183014  0.000005206
    6   16    0  0.000183014  0.000005206
   -6  -16    0  0.000183014  0.000005206
   -6   16    0  0.000183014  0.000005206
  -16    6    0  0.000183014  0.000005206
  -16   -6    0  0.000183014  0.000005206
   16   -6    0  0.000183014  0.000005206
   17    2    0  0.000158511  0.000014791
  -17   -2    0  0.000158511  0.000014791
  -17    2    0  0.000158511  0.000014791
   -2   17    0  0.000158511  0.000014791
    2   17    0  0.000158511  0.000014791
   -2  -17    0  0.000158511  0.000014791
   17   -2    0  0.000158511  0.000014791
    2  -17    0  0.000158511  0.000014791
   10  -14    0  0.000175332  0.000004022
  -14  -10    0  0.000175332  0.000004022
   14   10    0  0.000175332  0.000004022
  -10  -14    0  0.000175332  0.000004022
  -10   14    0  0.000175332  0.000004022
   10   14    0  0.000175332  0.000004022
   14  -10    0  0.000175332  0.000004022
  -14   10    0  0.000175332  0.000004022
  -17    3    0  0.000157684  0.000006582
    3  -17    0  0.000157684  0.000006582
   17    3    0  0.000157684  0.000006582
  -17   -3    0  0.000157684  0.000006582
   -3  -17    0  0.000157684  0.000006582
    3   17    0  0.000157684  0.000006582
   -3   17    0  0.000157684  0.000006582
   17   -3    0  0.000157684  0.000006582
  -16   -7    0  0.000141376  0.000010471
   16   -7    0  0.000141376  0.000010471
   -7   16    0  0.000141376  0.000010471
   16    7    0  0.000141376  0.000010471
   -7  -16    0  0.000141376  0.000010471
    7  -16    0  0.000141376  0.000010471
    7   16    0  0.000141376  0.000010471
  -16    7    0  0.000141376  0.000010471
  -17   -4    0  0.000141376  0.000010471
  -17    4    0  0.000141376  0.000010471
    4  -17    0  0.000141376  0.000010471
   -4   17    0  0.000141376  0.000010471
   17    4    0  0.000141376  0.000010471
    4   17    0  0.000141376  0.000010471
   -4  -17    0  0.000141376  0.000010471
   17   -4    0  0.000141376  0.000010471
   15   -9    0  0.000145584  0.000004304
  -15    9    0  0.000145584  0.000004304
   15    9    0  0.000145584  0.000004304
  -15   -9    0  0.000145584  0.000004304
   -9  -15    0  0.000145584  0.000004304
    9   15    0  0.000145584  0.000004304
   -9   15    0  0.000145584  0.000004304
    9  -15    0  0.000145584  0.000004304
   12  -13    0  0.000131062  0.000007944
  -13   12    0  0.000131062  0.000007944
  -12   13    0  0.000131062  0.000007944
   13  -12    0  0.000131062  0.000007944
  -12  -13    0  0.000131062  0.000007944
   13   12    0  0.000131062  0.000007944
   12   13    0  0.000131062  0.000007944
  -13  -12    0  0.000131062  0.000007944
  -17    5    0  0.000134512  0.000002272
   17   -5    0  0.000134512  0.000002272
   17    5    0  0.000134512  0.000002272
  -17   -5    0  0.000134512  0.000002272
    5   17    0  0.000134512  0.000002272
    5  -17    0  0.000134512  0.000002272
   -5   17    0  0.000134512  0.000002272
   -5  -17    0  0.000134512  0.000002272
   11   14    0  0.000126210  0.000006777
  -11  -14    0  0.000126210  0.000006777
   14   11    0  0.000126210  0.000006777
   14  -11    0  0.000126210  0.000006777
  -14  -11    0  0.000126210  0.000006777
   11  -14    0  0.000126210  0.000006777
  -11   14    0  0.000126210  0.000006777
  -14   11    0  0.000126210  0.000006777
   16   -8    0  0.000136285 -0.000001759
   -8  -16    0  0.000136285 -0.000001759
    8  -16    0  0.000136285 -0.000001759
   16    8    0  0.000136285 -0.000001759
  -16    8    0  0.000136285 -0.000001759
   -8   16    0  0.000136285 -0.000001759
    8   16    0  0.000136285 -0.000001759
  -16   -8    0  0.000136285 -0.000001759
  -18    0    0  0.000130789 -0.000002531
   18    0    0  0.000130789 -0.000002531
    0   18    0  0.000130789 -0.000002531
    0  -18    0  0.000130789 -0.000002531
  -15   10    0  0.000117072  0.000004623
   -1   18    0  0.000117072  0.000004623
   -6  -17    0  0.000117072  0.000004623
   10   15    0  0.000117072  0.000004623
   18   -1    0  0.000117072  0.000004623
  -15  -10    0  0.000117072  0.000004623
    1  -18    0  0.000117072  0.000004623
   15   10    0  0.000117072  0.000004623
    6   17    0  0.000117072  0.000004623
  -10  -15    0  0.000117072  0.000004623
   10  -15    0  0.000117072  0.000004623
  -18   -1    0  0.000117072  0.000004623
   18    1    0  0.000117072  0.000004623
  -18    1    0  0.000117072  0.000004623
   -1  -18    0  0.000117072  0.000004623
    1   18    0  0.000117072  0.000004623
   15  -10    0  0.000117072  0.000004623
   -6   17    0  0.000117072  0.000004623
   17   -6    0  0.000117072  0.000004623
   17    6    0  0.000117072  0.000004623
  -17   -6    0  0.000117072  0.000004623
  -17    6    0  0.000117072  0.000004623
    6  -17    0  0.000117072  0.000004623
  -10   15    0  0.000117072  0.000004623
   -2   18    0  0.000125543 -0.000003255
    2   18    0  0.000125543 -0.000003255
    2  -18    0  0.000125543 -0.000003255
   -2  -18    0  0.000125543 -0.000003255
   18    2    0  0.000125543 -0.000003255
   18   -2    0  0.000125543 -0.000003255
  -18   -2    0  0.000125543 -0.000003255
  -18    2    0  0.000125543 -0.000003255
   -3  -18    0  0.000108637  0.000002692
    3   18    0  0.000108637  0.000002692
   -3   18    0  0.000108637  0.000002692
  -18   -3    0  0.000108637  0.000002692
   18   -3    0  0.000108637  0.000002692
   18    3    0  0.000108637  0.000002692
  -18    3    0  0.000108637  0.000002692
    3  -18    0  0.000108637  0.000002692
  -16   -9    0  0.000104664  0.000001803
  -16    9    0  0.000104664  0.000001803
   16   -9    0  0.000104664  0.000001803
   -9   16    0  0.000104664  0.000001803
   16    9    0  0.000104664  0.000001803
    9  -16    0  0.000104664  0.000001803
    9   16    0  0.000104664  0.000001803
   -9  -16    0  0.000104664  0.000001803
   -7  -17    0  0.000106523 -0.000002576
  -13   13    0  0.000106523 -0.000002576
    7   17    0  0.000106523 -0.000002576
  -17   -7    0  0.000106523 -0.000002576
   13   13    0  0.000106523 -0.000002576
   17   -7    0  0.000106523 -0.000002576
  -13  -13    0  0.000106523 -0.000002576
   -7   17    0  0.000106523 -0.000002576
   17    7    0  0.000106523 -0.000002576
   13  -13    0  0.000106523 -0.000002576
  -17    7    0  0.000106523 -0.000002576
    7  -17    0  0.000106523 -0.000002576
    4   18    0  0.000111174 -0.000005167
   -4   18    0  0.000111174 -0.000005167
   -4  -18    0  0.000111174 -0.000005167
    4  -18    0  0.000111174 -0.000005167
   14  -12    0  0.000111174 -0.000005167
   14   12    0  0.000111174 -0.000005167
   12   14    0  0.000111174 -0.000005167
   18    4    0  0.000111174 -0.000005167
   18   -4    0  0.000111174 -0.000005167
  -14   12    0  0.000111174 -0.000005167
  -18    4    0  0.000111174 -0.000005167
  -12   14    0  0.000111174 -0.000005167
  -12  -14    0  0.000111174 -0.000005167
   12  -14    0  0.000111174 -0.000005167
  -18   -4    0  0.000111174 -0.000005167
  -14  -12    0  0.000111174 -0.000005167
  -15  -11    0  0.000098674 -0.000003838
  -15   11    0  0.000098674 -0.000003838
   15  -11    0  0.000098674 -0.000003838
  -11   15    0  0.000098674 -0.000003838
   11  -15    0  0.000098674 -0.000003838
   15   11    0  0.000098674 -0.000003838
  -11  -15    0  0.000098674 -0.000003838
   11   15    0  0.000098674 -0.000003838
    5   18    0  0.000093648 -0.000000578
   18   -5    0  0.000093648 -0.000000578
   -5  -18    0  0.000093648 -0.000000578
  -18    5    0  0.000093648 -0.000000578
   -5   18    0  0.000093648 -0.000000578
   18    5    0  0.000093648 -0.000000578
    5  -18    0  0.000093648 -0.000000578
  -18   -5    0  0.000093648 -0.000000578
  -17   -8    0  0.000090255 -0.000001285
   -8  -17    0  0.000090255 -0.000001285
  -17    8    0  0.000090255 -0.000001285
    8   17    0  0.000090255 -0.000001285
    8  -17    0  0.000090255 -0.000001285
   -8   17    0  0.000090255 -0.000001285
   17    8    0  0.000090255 -0.000001285
   17   -8    0  0.000090255 -0.000001285
   10  -16    0  0.000094802 -0.000007185
  -16   10    0  0.000094802 -0.000007185
  -16  -10    0  0.000094802 -0.000007185
   10   16    0  0.000094802 -0.000007185
   16  -10    0  0.000094802 -0.000007185
  -10   16    0  0.000094802 -0.000007185
  -10  -16    0  0.000094802 -0.000007185
   16   10    0  0.000094802 -0.000007185
   18   -6    0  0.000091142 -0.000007607
   -6  -18    0  0.000091142 -0.000007607
  -18    6    0  0.000091142 -0.000007607
  -18   -6    0  0.000091142 -0.000007607
    6   18    0  0.000091142 -0.000007607
    6  -18    0  0.000091142 -0.000007607
   18    6    0  0.000091142 -0.000007607
   -6   18    0  0.000091142 -0.000007607
  -19    0    0  0.000083856 -0.000002578
    0   19    0  0.000083856 -0.000002578
    0  -19    0  0.000083856 -0.000002578
   19    0    0  0.000083856 -0.000002578
   -1   19    0  0.000084806 -0.000005928
    1  -19    0  0.000084806 -0.000005928
   19    1    0  0.000084806 -0.000005928
   -1  -19    0  0.000084806 -0.000005928
  -19    1    0  0.000084806 -0.000005928
   19   -1    0  0.000084806 -0.000005928
  -19   -1    0  0.000084806 -0.000005928
    1   19    0  0.000084806 -0.000005928
  -14   13    0  0.000080839 -0.000003168
   14   13    0  0.000080839 -0.000003168
    2  -19    0  0.000080839 -0.000003168
  -19    2    0  0.000080839 -0.000003168
   14  -13    0  0.000080839 -0.000003168
   -2  -19    0  0.000080839 -0.000003168
  -13   14    0  0.000080839 -0.000003168
   -2   19    0  0.000080839 -0.000003168
    2   19    0  0.000080839 -0.000003168
   19    2    0  0.000080839 -0.000003168
   13  -14    0  0.000080839 -0.000003168
   19   -2    0  0.000080839 -0.000003168
  -14  -13    0  0.000080839 -0.000003168
  -13  -14    0  0.000080839 -0.000003168
  -19   -2    0  0.000080839 -0.000003168
   13   14    0  0.000080839 -0.000003168
  -15   12    0  0.000077936 -0.000003723
   15   12    0  0.000077936 -0.000003723
  -15  -12    0  0.000077936 -0.000003723
   12  -15    0  0.000077936 -0.000003723
   15  -12    0  0.000077936 -0.000003723
  -12   15    0  0.000077936 -0.000003723
   12   15    0  0.000077936 -0.000003723
  -12  -15    0  0.000077936 -0.000003723
   -3   19    0  0.000078681 -0.000006783
    3  -19    0  0.000078681 -0.000006783
   17   -9    0  0.000078681 -0.000006783
  -19    3    0  0.000078681 -0.000006783
    3   19    0  0.000078681 -0.000006783
   -9   17    0  0.000078681 -0.000006783
  -17   -9    0  0.000078681 -0.000006783
   17    9    0  0.000078681 -0.000006783
    9   17    0  0.000078681 -0.000006783
   -3  -19    0  0.000078681 -0.000006783
   19   -3    0  0.000078681 -0.000006783
    9  -17    0  0.000078681 -0.000006783
   -9  -17    0  0.000078681 -0.000006783
   19    3    0  0.000078681 -0.000006783
  -19   -3    0  0.000078681 -0.000006783
  -17    9    0  0.000078681 -0.000006783
   18   -7    0  0.000075144 -0.000004245
    7   18    0  0.000075144 -0.000004245
   -7   18    0  0.000075144 -0.000004245
  -18   -7    0  0.000075144 -0.000004245
   -7  -18    0  0.000075144 -0.000004245
   18    7    0  0.000075144 -0.000004245
    7  -18    0  0.000075144 -0.000004245
  -18    7    0  0.000075144 -0.000004245
   16   11    0  0.000072458 -0.000004734
  -16   11    0  0.000072458 -0.000004734
   16  -11    0  0.000072458 -0.000004734
   11   16    0  0.000072458 -0.000004734
  -16  -11    0  0.000072458 -0.000004734
  -11   16    0  0.000072458 -0.000004734
   11  -16    0  0.000072458 -0.000004734
  -11  -16    0  0.000072458 -0.000004734
    4  -19    0  0.000072458 -0.000004734
   -4  -19    0  0.000072458 -0.000004734
   -4   19    0  0.000072458 -0.000004734
   19   -4    0  0.000072458 -0.000004734
   19    4    0  0.000072458 -0.000004734
    4   19    0  0.000072458 -0.000004734
  -19   -4    0  0.000072458 -0.000004734
  -19    4    0  0.000072458 -0.000004734
