    0    0    0  0.000000000  0.002914732
    0    1    0  0.001152235  0.000290622
    1    0    0  0.001152235  0.000290622
   -1    0    0  0.001152235  0.000290622
    0   -1    0  0.001152235  0.000290622
    1    1    0  0.056001244  0.002174875
   -1   -1    0  0.056001244  0.002174875
    1   -1    0  0.056001244  0.002174875
   -1    1    0  0.056001244  0.002174875
   -2    0    0  0.071879534  0.002624236
    0    2    0  0.071879534  0.002624236
    2    0    0  0.071879534  0.002624236
    0   -2    0  0.071879534  0.002624236
    1    2    0  0.000258230  0.000388826
   -1    2    0  0.000258230  0.000388826
   -2   -1    0  0.000258230  0.000388826
    2   -1    0  0.000258230  0.000388826
   -1   -2    0  0.000258230  0.000388826
    2    1    0  0.000258230  0.000388826
    1   -2    0  0.000258230  0.000388826
   -2    1    0  0.000258230  0.000388826
   -2   -2    0  0.046977143  0.002310783
    2    2    0  0.046977143  0.002310783
   -2    2    0  0.046977143  0.002310783
    2   -2    0  0.046977143  0.002310783
    0    3    0  0.000872223  0.000429543
    3    0    0  0.000872223  0.000429543
    0   -3    0  0.000872223  0.000429543
   -3    0    0  0.000872223  0.000429543
    1   -3    0  0.021431524  0.001735008
    1    3    0  0.021431524  0.001735008
   -1   -3    0  0.021431524  0.001735008
    3    1    0  0.021431524  0.001735008
   -1    3    0  0.021431524  0.001735008
   -3   -1    0  0.021431524  0.001735008
    3   -1    0  0.021431524  0.001735008
   -3    1    0  0.021431524  0.001735008
    3    2    0  0.001370932  0.000445273
    2    3    0  0.001370932  0.000445273
    2   -3    0  0.001370932  0.000445273
   -3    2    0  0.001370932  0.000445273
   -2   -3    0  0.001370932  0.000445273
   -2    3    0  0.001370932  0.000445273
    3   -2    0  0.001370932  0.000445273
   -3   -2    0  0.001370932  0.000445273
   -4    0    0  0.026568861  0.001842313
    0    4    0  0.026568861  0.001842313
    0   -4    0  0.026568861  0.001842313
    4    0    0  0.026568861  0.001842313
    1   -4    0  0.001727138  0.000467140
    4    1    0  0.001727138  0.000467140
    4   -1    0  0.001727138  0.000467140
    1    4    0  0.001727138  0.000467140
   -1    4    0  0.001727138  0.000467140
   -1   -4    0  0.001727138  0.000467140
   -4   -1    0  0.001727138  0.000467140
   -4    1    0  0.001727138  0.000467140
   -3    3    0  0.013479675  0.001432294
    3   -3    0  0.013479675  0.001432294
   -3   -3    0  0.013479675  0.001432294
    3    3    0  0.013479675  0.001432294
    4   -2    0  0.021364020  0.001660738
   -4    2    0  0.021364020  0.001660738
    4    2    0  0.021364020  0.001660738
   -2   -4    0  0.021364020  0.001660738
    2   -4    0  0.021364020  0.001660738
    2    4    0  0.021364020  0.001660738
   -2    4    0  0.021364020  0.001660738
   -4   -2    0  0.021364020  0.001660738
   -4    3    0  0.002097153  0.000487114
    4   -3    0  0.002097153  0.000487114
    0   -5    0  0.002097153  0.000487114
   -3   -4    0  0.002097153  0.000487114
    4    3    0  0.002097153  0.000487114
   -5    0    0  0.002097153  0.000487114
    3    4    0  0.002097153  0.000487114
   -3    4    0  0.002097153  0.000487114
    0    5    0  0.002097153  0.000487114
   -4   -3    0  0.002097153  0.000487114
    5    0    0  0.002097153  0.000487114
    3   -4    0  0.002097153  0.000487114
   -1    5    0  0.009659961  0.001204152
   -1   -5    0  0.009659961  0.001204152
    5   -1    0  0.009659961  0.001204152
    1    5    0  0.009659961  0.001204152
    5    1    0  0.009659961  0.001204152
   -5   -1    0  0.009659961  0.001204152
   -5    1    0  0.009659961  0.001204152
    1   -5    0  0.009659961  0.001204152
    5   -2    0  0.002168280  0.000488741
    5    2    0  0.002168280  0.000488741
   -2   -5    0  0.002168280  0.000488741
   -5    2    0  0.002168280  0.000488741
    2   -5    0  0.002168280  0.000488741
   -2    5    0  0.002168280  0.000488741
    2    5    0  0.002168280  0.000488741
   -5   -2    0  0.002168280  0.000488741
    4    4    0  0.012712609  0.001247885
   -4   -4    0  0.012712609  0.001247885
    4   -4    0  0.012712609  0.001247885
   -4    4    0  0.012712609  0.001247885
   -5   -3    0  0.007388979  0.001024653
    5   -3    0  0.007388979  0.001024653
    3   -5    0  0.007388979  0.001024653
   -3    5    0  0.007388979  0.001024653
    3    5    0  0.007388979  0.001024653
   -3   -5    0  0.007388979  0.001024653
   -5    3    0  0.007388979  0.001024653
    5    3    0  0.007388979  0.001024653
    0    6    0  0.011009828  0.001141836
   -6    0    0  0.011009828  0.001141836
    0   -6    0  0.011009828  0.001141836
    6    0    0  0.011009828  0.001141836
   -6    1    0  0.002182861  0.000481107
   -1    6    0  0.002182861  0.000481107
    6    1    0  0.002182861  0.000481107
    1   -6    0  0.002182861  0.000481107
   -1   -6    0  0.002182861  0.000481107
   -6   -1    0  0.002182861  0.000481107
    1    6    0  0.002182861  0.000481107
    6   -1    0  0.002182861  0.000481107
    2   -6    0  0.009631688  0.001047443
   -2   -6    0  0.009631688  0.001047443
   -6    2    0  0.009631688  0.001047443
    6    2    0  0.009631688  0.001047443
    6   -2    0  0.009631688  0.001047443
   -6   -2    0  0.009631688  0.001047443
   -2    6    0  0.009631688  0.001047443
    2    6    0  0.009631688  0.001047443
   -4   -5    0  0.002150797  0.000473428
    5    4    0  0.002150797  0.000473428
   -5   -4    0  0.002150797  0.000473428
   -5    4    0  0.002150797  0.000473428
    4   -5    0  0.002150797  0.000473428
    4    5    0  0.002150797  0.000473428
   -4    5    0  0.002150797  0.000473428
    5   -4    0  0.002150797  0.000473428
    3    6    0  0.002103179  0.000463953
   -3   -6    0  0.002103179  0.000463953
    3   -6    0  0.002103179  0.000463953
    6   -3    0  0.002103179  0.000463953
    6    3    0  0.002103179  0.000463953
   -3    6    0  0.002103179  0.000463953
   -6   -3    0  0.002103179  0.000463953
   -6    3    0  0.002103179  0.000463953
   -7    0    0  0.002045220  0.000453116
    0   -7    0  0.002045220  0.000453116
    0    7    0  0.002045220  0.000453116
    7    0    0  0.002045220  0.000453116
    5    5    0  0.004808428  0.000759980
    5   -5    0  0.004808428  0.000759980
   -5    5    0  0.004808428  0.000759980
   -5   -5    0  0.004808428  0.000759980
   -7    1    0  0.004808428  0.000759980
   -1    7    0  0.004808428  0.000759980
   -7   -1    0  0.004808428  0.000759980
    7    1    0  0.004808428  0.000759980
   -1   -7    0  0.004808428  0.000759980
    1    7    0  0.004808428  0.000759980
    1   -7    0  0.004808428  0.000759980
    7   -1    0  0.004808428  0.000759980
    6    4    0  0.006748474  0.000818621
   -4    6    0  0.006748474  0.000818621
   -4   -6    0  0.006748474  0.000818621
    6   -4    0  0.006748474  0.000818621
   -6   -4    0  0.006748474  0.000818621
    4   -6    0  0.006748474  0.000818621
   -6    4    0  0.006748474  0.000818621
    4    6    0  0.006748474  0.000818621
   -7    2    0  0.001980662  0.000441264
    7    2    0  0.001980662  0.000441264
   -2    7    0  0.001980662  0.000441264
    7   -2    0  0.001980662  0.000441264
   -7   -2    0  0.001980662  0.000441264
    2    7    0  0.001980662  0.000441264
   -2   -7    0  0.001980662  0.000441264
    2   -7    0  0.001980662  0.000441264
    3   -7    0  0.004007104  0.000660057
   -3    7    0  0.004007104  0.000660057
   -3   -7    0  0.004007104  0.000660057
    3    7    0  0.004007104  0.000660057
    7    3    0  0.004007104  0.000660057
   -7    3    0  0.004007104  0.000660057
   -7   -3    0  0.004007104  0.000660057
    7   -3    0  0.004007104  0.000660057
   -5    6    0  0.001841754  0.000415573
    5   -6    0  0.001841754  0.000415573
   -6    5    0  0.001841754  0.000415573
    6    5    0  0.001841754  0.000415573
   -5   -6    0  0.001841754  0.000415573
    6   -5    0  0.001841754  0.000415573
    5    6    0  0.001841754  0.000415573
   -6   -5    0  0.001841754  0.000415573
   -8    0    0  0.004962532  0.000649035
    0    8    0  0.004962532  0.000649035
    8    0    0  0.004962532  0.000649035
    0   -8    0  0.004962532  0.000649035
   -8   -1    0  0.001770724  0.000402138
    7   -4    0  0.001770724  0.000402138
    7    4    0  0.001770724  0.000402138
   -1   -8    0  0.001770724  0.000402138
    8    1    0  0.001770724  0.000402138
    4    7    0  0.001770724  0.000402138
   -4    7    0  0.001770724  0.000402138
    4   -7    0  0.001770724  0.000402138
    1   -8    0  0.001770724  0.000402138
    8   -1    0  0.001770724  0.000402138
    1    8    0  0.001770724  0.000402138
   -7   -4    0  0.001770724  0.000402138
   -8    1    0  0.001770724  0.000402138
   -7    4    0  0.001770724  0.000402138
