    0    0    0  0.000000000  0.003644511
   -1   -1    1  0.040916098  0.049359743
    1    1    1  0.040916098  0.049359743
   -1   -1   -1  0.044528497 -0.045982468
    1    1   -1  0.044528497 -0.045982468
    0    0    2 -0.004589739 -0.000116477
    0    0   -2 -0.004589739 -0.000116477
   -2   -2    0  0.059311838  0.003271894
    2    2    0  0.059311838  0.003271894
    1    1    3  0.025580656 -0.024483224
    1    1   -3  0.022319495  0.027522705
   -1   -1   -3  0.022319495  0.027522705
   -1   -1    3  0.025580656 -0.024483224
   -2   -2   -2 -0.001834715 -0.000110256
    2    2    2 -0.001834715 -0.000110256
    2    2   -2 -0.001834715 -0.000110256
   -2   -2    2 -0.001834715 -0.000110256
    0    0   -4  0.040087861  0.002963570
    0    0    4  0.040087861  0.002963570
   -3   -3   -1  0.019012245 -0.017104091
    3    3    1  0.016045577  0.019856546
   -3   -3    1  0.016045577  0.019856546
    3    3   -1  0.019012245 -0.017104091
   -2   -2   -4  0.030889400  0.002697557
    2    2    4  0.030889400  0.002697557
   -2   -2    4  0.030889400  0.002697557
    2    2   -4  0.030889400  0.002697557
   -1   -1   -5  0.015293884 -0.013289491
    1    1    5  0.012582886  0.015791263
   -1   -1    5  0.012582886  0.015791263
    1    1   -5  0.015293884 -0.013289491
    3    3   -3  0.012582886  0.015791263
   -3   -3   -3  0.012582886  0.015791263
   -3   -3    3  0.015293884 -0.013289491
    3    3    3  0.015293884 -0.013289491
   -4   -4    0  0.025184783  0.002463301
    4    4    0  0.025184783  0.002463301
    0    0    6 -0.000468390 -0.000102251
   -4   -4   -2 -0.000468390 -0.000102251
    4    4   -2 -0.000468390 -0.000102251
    4    4    2 -0.000468390 -0.000102251
    0    0   -6 -0.000468390 -0.000102251
   -4   -4    2 -0.000468390 -0.000102251
   -3   -3    5  0.008610669  0.011219736
    3    3    5  0.008610669  0.011219736
   -3   -3   -5  0.010893065 -0.009138190
    3    3   -5  0.010893065 -0.009138190
   -2   -2   -6 -0.000423285 -0.000100158
   -2   -2    6 -0.000423285 -0.000100158
    2    2    6 -0.000423285 -0.000100158
    2    2   -6 -0.000423285 -0.000100158
    4    4   -4  0.018122446  0.002067152
    4    4    4  0.018122446  0.002067152
   -4   -4    4  0.018122446  0.002067152
   -4   -4   -4  0.018122446  0.002067152
    5    5    1  0.007327702  0.009734160
   -5   -5    1  0.007327702  0.009734160
    5    5   -1  0.009427640 -0.007830671
   -5   -5   -1  0.009427640 -0.007830671
   -1   -1   -7  0.007327702  0.009734160
    1    1    7  0.009427640 -0.007830671
   -1   -1    7  0.009427640 -0.007830671
    1    1   -7  0.007327702  0.009734160
    5    5    3  0.008245045 -0.006799529
   -5   -5    3  0.008245045 -0.006799529
   -5   -5   -3  0.006310457  0.008542396
    5    5   -3  0.006310457  0.008542396
    0    0    8  0.013778230  0.001744634
    0    0   -8  0.013778230  0.001744634
   -3   -3    7  0.007269291 -0.005963877
    3    3    7  0.007269291 -0.005963877
    3    3   -7  0.005485144  0.007561349
   -3   -3   -7  0.005485144  0.007561349
    4    4    6 -0.000384499 -0.000093011
    4    4   -6 -0.000384499 -0.000093011
   -4   -4   -6 -0.000384499 -0.000093011
   -4   -4    6 -0.000384499 -0.000093011
   -2   -2    8  0.012167656  0.001605202
    2    2   -8  0.012167656  0.001605202
   -2   -2   -8  0.012167656  0.001605202
    2    2    8  0.012167656  0.001605202
   -6   -6    0  0.012167656  0.001605202
    6    6    0  0.012167656  0.001605202
    5    5   -5  0.006450991 -0.005272974
   -5   -5   -5  0.006450991 -0.005272974
    5    5    5  0.004804152  0.006738465
   -5   -5    5  0.004804152  0.006738465
   -6   -6   -2 -0.000377203 -0.000090332
    6    6    2 -0.000377203 -0.000090332
    6    6   -2 -0.000377203 -0.000090332
   -6   -6    2 -0.000377203 -0.000090332
    1    1    9  0.004234860  0.006038285
    1    1   -9  0.005756056 -0.004692884
   -1   -1   -9  0.005756056 -0.004692884
   -1   -1    9  0.004234860  0.006038285
    6    6   -4  0.009662765  0.001361915
   -6   -6   -4  0.009662765  0.001361915
    6    6    4  0.009662765  0.001361915
   -6   -6    4  0.009662765  0.001361915
   -4   -4   -8  0.008673842  0.001255565
   -4   -4    8  0.008673842  0.001255565
    4    4   -8  0.008673842  0.001255565
    4    4    8  0.008673842  0.001255565
   -5   -5   -7  0.003344009  0.004912388
    5    5   -7  0.003344009  0.004912388
   -5   -5    7  0.004644136 -0.003776505
    5    5    7  0.004644136 -0.003776505
    7    7    1  0.003344009  0.004912388
   -7   -7    1  0.003344009  0.004912388
    3    3    9  0.003344009  0.004912388
   -3   -3   -9  0.004644136 -0.003776505
    7    7   -1  0.004644136 -0.003776505
    3    3   -9  0.004644136 -0.003776505
   -3   -3    9  0.003344009  0.004912388
   -7   -7   -1  0.004644136 -0.003776505
    0    0   10 -0.000348981 -0.000081755
    0    0  -10 -0.000348981 -0.000081755
    7    7   -3  0.002992025  0.004454380
    7    7    3  0.004194753 -0.003410004
   -7   -7    3  0.004194753 -0.003410004
   -7   -7   -3  0.002992025  0.004454380
   -2   -2  -10 -0.000337294 -0.000078806
   -2   -2   10 -0.000337294 -0.000078806
    2    2   10 -0.000337294 -0.000078806
    2    2  -10 -0.000337294 -0.000078806
    6    6    6 -0.000337294 -0.000078806
   -6   -6    6 -0.000337294 -0.000078806
    6    6   -6 -0.000337294 -0.000078806
   -6   -6   -6 -0.000337294 -0.000078806
   -7   -7    5  0.002423269  0.003693657
   -7   -7   -5  0.003453442 -0.002810032
    1    1   11  0.003453442 -0.002810032
    1    1  -11  0.002423269  0.003693657
   -1   -1   11  0.003453442 -0.002810032
    7    7   -5  0.003453442 -0.002810032
    7    7    5  0.002423269  0.003693657
   -1   -1  -11  0.002423269  0.003693657
    8    8    0  0.005837358  0.000910225
   -8   -8    0  0.005837358  0.000910225
    5    5   -9  0.003145778 -0.002562698
    5    5    9  0.002192082  0.003375686
   -5   -5   -9  0.003145778 -0.002562698
   -5   -5    9  0.002192082  0.003375686
   -4   -4  -10 -0.000298599 -0.000069992
    4    4  -10 -0.000298599 -0.000069992
    4    4   10 -0.000298599 -0.000069992
   -4   -4   10 -0.000298599 -0.000069992
   -8   -8   -2 -0.000298599 -0.000069992
    8    8   -2 -0.000298599 -0.000069992
    8    8    2 -0.000298599 -0.000069992
   -8   -8    2 -0.000298599 -0.000069992
    6    6    8  0.005325155  0.000840313
    6    6   -8  0.005325155  0.000840313
   -6   -6    8  0.005325155  0.000840313
   -6   -6   -8  0.005325155  0.000840313
    3    3  -11  0.001989058  0.003091525
    3    3   11  0.002872048 -0.002343482
   -3   -3   11  0.002872048 -0.002343482
   -3   -3  -11  0.001989058  0.003091525
    8    8   -4  0.004869307  0.000775811
    0    0  -12  0.004869307  0.000775811
    8    8    4  0.004869307  0.000775811
    0    0   12  0.004869307  0.000775811
   -8   -8    4  0.004869307  0.000775811
   -8   -8   -4  0.004869307  0.000775811
   -7   -7   -7  0.001809986  0.002836636
    7    7    7  0.002627549 -0.002148357
   -7   -7    7  0.002627549 -0.002148357
    7    7   -7  0.001809986  0.002836636
    2    2  -12  0.004462057  0.000716252
    2    2   12  0.004462057  0.000716252
   -2   -2   12  0.004462057  0.000716252
   -2   -2  -12  0.004462057  0.000716252
    9    9    1  0.001510444  0.002400175
   -9   -9   -1  0.002211264 -0.001817680
    9    9   -1  0.002211264 -0.001817680
   -9   -9    1  0.001510444  0.002400175
   -8   -8   -6 -0.000246518 -0.000058829
   -8   -8    6 -0.000246518 -0.000058829
    8    8    6 -0.000246518 -0.000058829
    8    8   -6 -0.000246518 -0.000058829
    5    5  -11  0.001384713  0.002212755
   -5   -5  -11  0.001384713  0.002212755
   -5   -5   11  0.002033460 -0.001677059
   -1   -1   13  0.001384713  0.002212755
    1    1  -13  0.002033460 -0.001677059
    5    5   11  0.002033460 -0.001677059
   -1   -1  -13  0.002033460 -0.001677059
    1    1   13  0.001384713  0.002212755
    9    9    3  0.002033460 -0.001677059
    9    9   -3  0.001384713  0.002212755
   -9   -9   -3  0.001384713  0.002212755
   -9   -9    3  0.002033460 -0.001677059
    6    6  -10 -0.000234320 -0.000056201
   -6   -6  -10 -0.000234320 -0.000056201
    6    6   10 -0.000234320 -0.000056201
   -6   -6   10 -0.000234320 -0.000056201
    4    4   12  0.003472441  0.000563212
   -4   -4  -12  0.003472441  0.000563212
    4    4  -12  0.003472441  0.000563212
   -4   -4   12  0.003472441  0.000563212
    7    7   -9  0.001872633 -0.001550196
    7    7    9  0.001272206  0.002042698
   -7   -7   -9  0.001872633 -0.001550196
   -7   -7    9  0.001272206  0.002042698
    3    3   13  0.001171226  0.001888045
   -3   -3   13  0.001171226  0.001888045
   -3   -3  -13  0.001726794 -0.001435433
    3    3  -13  0.001726794 -0.001435433
   -9   -9    5  0.001171226  0.001888045
    9    9   -5  0.001726794 -0.001435433
    9    9    5  0.001171226  0.001888045
   -9   -9   -5  0.001726794 -0.001435433
   -8   -8    8  0.002961734  0.000479203
   -8   -8   -8  0.002961734  0.000479203
    8    8   -8  0.002961734  0.000479203
    8    8    8  0.002961734  0.000479203
    0    0   14 -0.000200629 -0.000048777
    0    0  -14 -0.000200629 -0.000048777
   10   10    0  0.002741039  0.000441760
  -10  -10    0  0.002741039  0.000441760
   10   10    2 -0.000190423 -0.000046461
   10   10   -2 -0.000190423 -0.000046461
  -10  -10   -2 -0.000190423 -0.000046461
  -10  -10    2 -0.000190423 -0.000046461
    2    2  -14 -0.000190423 -0.000046461
   -2   -2   14 -0.000190423 -0.000046461
    2    2   14 -0.000190423 -0.000046461
   -2   -2  -14 -0.000190423 -0.000046461
   -9   -9    7  0.001363292 -0.001150524
    9    9    7  0.001363292 -0.001150524
   -9   -9   -7  0.000924108  0.001500707
    9    9   -7  0.000924108  0.001500707
  -10  -10   -4  0.002356637  0.000374842
   10   10   -4  0.002356637  0.000374842
  -10  -10    4  0.002356637  0.000374842
   10   10    4  0.002356637  0.000374842
    6    6   12  0.002356637  0.000374842
    6    6  -12  0.002356637  0.000374842
   -6   -6  -12  0.002356637  0.000374842
   -6   -6   12  0.002356637  0.000374842
    5    5  -13  0.001262525 -0.001071814
   -5   -5   13  0.000856814  0.001392854
    5    5   13  0.000856814  0.001392854
   -5   -5  -13  0.001262525 -0.001071814
    7    7   11  0.001262525 -0.001071814
    7    7  -11  0.000856814  0.001392854
   -7   -7   11  0.001262525 -0.001071814
   -7   -7  -11  0.000856814  0.001392854
    1    1   15  0.001170226 -0.000999807
    1    1  -15  0.000795653  0.001293881
   -1   -1  -15  0.000795653  0.001293881
   -1   -1   15  0.001170226 -0.000999807
   -8   -8  -10 -0.000162842 -0.000039995
   -4   -4  -14 -0.000162842 -0.000039995
    4    4  -14 -0.000162842 -0.000039995
   -4   -4   14 -0.000162842 -0.000039995
    8    8   10 -0.000162842 -0.000039995
    4    4   14 -0.000162842 -0.000039995
    8    8  -10 -0.000162842 -0.000039995
   -8   -8   10 -0.000162842 -0.000039995
  -10  -10   -6 -0.000154612 -0.000037997
  -10  -10    6 -0.000154612 -0.000037997
   10   10   -6 -0.000154612 -0.000037997
   10   10    6 -0.000154612 -0.000037997
   -3   -3   15  0.001007750 -0.000873210
    3    3   15  0.001007750 -0.000873210
    3    3  -15  0.000689116  0.001119217
   -3   -3  -15  0.000689116  0.001119217
   -9   -9    9  0.000689116  0.001119217
    9    9   -9  0.001007750 -0.000873210
  -11  -11   -1  0.001007750 -0.000873210
   11   11   -1  0.001007750 -0.000873210
   -9   -9   -9  0.001007750 -0.000873210
    9    9    9  0.000689116  0.001119217
  -11  -11    1  0.000689116  0.001119217
   11   11    1  0.000689116  0.001119217
   11   11   -3  0.000642638  0.001042086
  -11  -11    3  0.000936169 -0.000817473
  -11  -11   -3  0.000642638  0.001042086
   11   11    3  0.000936169 -0.000817473
    0    0   16  0.001645884  0.000245392
    0    0  -16  0.001645884  0.000245392
  -10  -10    8  0.001536110  0.000224774
   10   10    8  0.001536110  0.000224774
  -10  -10   -8  0.001536110  0.000224774
   10   10   -8  0.001536110  0.000224774
   -2   -2   16  0.001536110  0.000224774
    2    2  -16  0.001536110  0.000224774
    2    2   16  0.001536110  0.000224774
   -2   -2  -16  0.001536110  0.000224774
  -11  -11    5  0.000561002  0.000905202
   -7   -7  -13  0.000809401 -0.000718748
   11   11   -5  0.000809401 -0.000718748
    7    7   13  0.000561002  0.000905202
   -7   -7   13  0.000561002  0.000905202
   11   11    5  0.000561002  0.000905202
    7    7  -13  0.000809401 -0.000718748
  -11  -11   -5  0.000809401 -0.000718748
   -6   -6   14 -0.000125974 -0.000030763
    6    6   14 -0.000125974 -0.000030763
   -6   -6  -14 -0.000125974 -0.000030763
    6    6  -14 -0.000125974 -0.000030763
   -8   -8  -12  0.001434823  0.000205622
   -8   -8   12  0.001434823  0.000205622
    8    8   12  0.001434823  0.000205622
    8    8  -12  0.001434823  0.000205622
    5    5   15  0.000753234 -0.000674969
   -5   -5   15  0.000753234 -0.000674969
   -5   -5  -15  0.000525102  0.000844431
    5    5  -15  0.000525102  0.000844431
   -9   -9  -11  0.000492056  0.000788183
    9    9  -11  0.000492056  0.000788183
   -9   -9   11  0.000701313 -0.000634457
    9    9   11  0.000701313 -0.000634457
   -4   -4  -16  0.001254699  0.000171305
    4    4   16  0.001254699  0.000171305
  -12  -12    0  0.001254699  0.000171305
    4    4  -16  0.001254699  0.000171305
   12   12    0  0.001254699  0.000171305
   -4   -4   16  0.001254699  0.000171305
    1    1   17  0.000461592  0.000736070
   -1   -1   17  0.000461592  0.000736070
   -1   -1  -17  0.000653270 -0.000596918
    1    1  -17  0.000653270 -0.000596918
   11   11    7  0.000653270 -0.000596918
  -11  -11   -7  0.000461592  0.000736070
  -11  -11    7  0.000653270 -0.000596918
   11   11   -7  0.000461592  0.000736070
   12   12   -2 -0.000108388 -0.000026080
   12   12    2 -0.000108388 -0.000026080
  -12  -12    2 -0.000108388 -0.000026080
  -12  -12   -2 -0.000108388 -0.000026080
   10   10   10 -0.000103158 -0.000024650
  -10  -10  -10 -0.000103158 -0.000024650
  -10  -10   10 -0.000103158 -0.000024650
   10   10  -10 -0.000103158 -0.000024650
  -12  -12   -4  0.001100261  0.000141692
   12   12    4  0.001100261  0.000141692
   12   12   -4  0.001100261  0.000141692
  -12  -12    4  0.001100261  0.000141692
    3    3  -17  0.000567524 -0.000529731
    3    3   17  0.000407466  0.000642891
   -3   -3   17  0.000407466  0.000642891
   -3   -3  -17  0.000567524 -0.000529731
   -7   -7   15  0.000493722 -0.000471608
    7    7  -15  0.000361087  0.000562496
    7    7   15  0.000493722 -0.000471608
   -7   -7  -15  0.000361087  0.000562496
  -11  -11   -9  0.000493722 -0.000471608
   11   11   -9  0.000493722 -0.000471608
  -11  -11    9  0.000361087  0.000562496
   11   11    9  0.000361087  0.000562496
   12   12   -6 -0.000089107 -0.000020720
  -12  -12    6 -0.000089107 -0.000020720
  -12  -12   -6 -0.000089107 -0.000020720
   12   12    6 -0.000089107 -0.000020720
    0    0   18 -0.000089107 -0.000020720
    0    0  -18 -0.000089107 -0.000020720
   -8   -8   14 -0.000089107 -0.000020720
   -8   -8  -14 -0.000089107 -0.000020720
    8    8  -14 -0.000089107 -0.000020720
    8    8   14 -0.000089107 -0.000020720
   -6   -6   16  0.000907756  0.000104722
    6    6   16  0.000907756  0.000104722
   -6   -6  -16  0.000907756  0.000104722
    6    6  -16  0.000907756  0.000104722
    9    9   13  0.000340383  0.000526463
    9    9  -13  0.000460706 -0.000445481
   -9   -9  -13  0.000460706 -0.000445481
   -9   -9   13  0.000340383  0.000526463
    2    2  -18 -0.000084916 -0.000019524
   -2   -2  -18 -0.000084916 -0.000019524
    2    2   18 -0.000084916 -0.000019524
   -2   -2   18 -0.000084916 -0.000019524
   13   13   -1  0.000430008 -0.000421098
   13   13    1  0.000321146  0.000492916
  -13  -13    1  0.000321146  0.000492916
  -13  -13   -1  0.000430008 -0.000421098
    5    5   17  0.000321146  0.000492916
    5    5  -17  0.000430008 -0.000421098
   -5   -5   17  0.000321146  0.000492916
   -5   -5  -17  0.000430008 -0.000421098
   10   10   12  0.000800768  0.000084275
  -10  -10  -12  0.000800768  0.000084275
   10   10  -12  0.000800768  0.000084275
  -10  -10   12  0.000800768  0.000084275
   13   13   -3  0.000303251  0.000461664
   13   13    3  0.000401446 -0.000398319
  -13  -13   -3  0.000303251  0.000461664
  -13  -13    3  0.000401446 -0.000398319
   12   12    8  0.000752681  0.000075142
   12   12   -8  0.000752681  0.000075142
  -12  -12    8  0.000752681  0.000075142
  -12  -12   -8  0.000752681  0.000075142
    4    4   18 -0.000073618 -0.000016250
   -4   -4   18 -0.000073618 -0.000016250
   -4   -4  -18 -0.000073618 -0.000016250
    4    4  -18 -0.000073618 -0.000016250
   -1   -1   19  0.000350085 -0.000357078
   -1   -1  -19  0.000271052  0.000405355
    1    1  -19  0.000271052  0.000405355
    1    1   19  0.000350085 -0.000357078
   13   13    5  0.000271052  0.000405355
  -13  -13    5  0.000271052  0.000405355
   13   13   -5  0.000350085 -0.000357078
  -13  -13   -5  0.000350085 -0.000357078
  -11  -11  -11  0.000271052  0.000405355
   11   11  -11  0.000271052  0.000405355
  -11  -11   11  0.000350085 -0.000357078
   11   11   11  0.000350085 -0.000357078
    3    3  -19  0.000243011  0.000356307
    3    3   19  0.000305473 -0.000320878
   -3   -3   19  0.000305473 -0.000320878
   -3   -3  -19  0.000243011  0.000356307
   -8   -8  -16  0.000590269  0.000044791
    8    8  -16  0.000590269  0.000044791
    8    8   16  0.000590269  0.000044791
   -8   -8   16  0.000590269  0.000044791
  -13  -13   -7  0.000230348  0.000334178
   -7   -7   17  0.000230348  0.000334178
    7    7  -17  0.000285389 -0.000304435
   13   13   -7  0.000230348  0.000334178
    9    9   15  0.000285389 -0.000304435
   -9   -9  -15  0.000230348  0.000334178
  -13  -13    7  0.000285389 -0.000304435
   -7   -7  -17  0.000285389 -0.000304435
    7    7   17  0.000230348  0.000334178
   -9   -9   15  0.000285389 -0.000304435
   13   13    7  0.000285389 -0.000304435
    9    9  -15  0.000230348  0.000334178
  -12  -12  -10 -0.000061084 -0.000012544
  -12  -12   10 -0.000061084 -0.000012544
   12   12  -10 -0.000061084 -0.000012544
   12   12   10 -0.000061084 -0.000012544
  -14  -14    0  0.000556064  0.000038545
   14   14    0  0.000556064  0.000038545
  -10  -10  -14 -0.000058335 -0.000011724
   10   10  -14 -0.000058335 -0.000011724
   10   10   14 -0.000058335 -0.000011724
  -10  -10   14 -0.000058335 -0.000011724
  -14  -14    2 -0.000058335 -0.000011724
    6    6  -18 -0.000058335 -0.000011724
   14   14    2 -0.000058335 -0.000011724
   -6   -6   18 -0.000058335 -0.000011724
   -6   -6  -18 -0.000058335 -0.000011724
    6    6   18 -0.000058335 -0.000011724
   14   14   -2 -0.000058335 -0.000011724
  -14  -14   -2 -0.000058335 -0.000011724
    0    0  -20  0.000524049  0.000032766
    0    0   20  0.000524049  0.000032766
    2    2  -20  0.000494064  0.000027420
   -2   -2  -20  0.000494064  0.000027420
   -2   -2   20  0.000494064  0.000027420
    2    2   20  0.000494064  0.000027420
   14   14    4  0.000494064  0.000027420
  -14  -14    4  0.000494064  0.000027420
   14   14   -4  0.000494064  0.000027420
  -14  -14   -4  0.000494064  0.000027420
    5    5  -19  0.000196981  0.000276043
    5    5   19  0.000232792 -0.000260810
   -5   -5  -19  0.000196981  0.000276043
   -5   -5   19  0.000232792 -0.000260810
  -11  -11  -13  0.000232792 -0.000260810
  -11  -11   13  0.000196981  0.000276043
   11   11  -13  0.000232792 -0.000260810
   11   11   13  0.000196981  0.000276043
   13   13    9  0.000187211  0.000259099
  -13  -13    9  0.000187211  0.000259099
   13   13   -9  0.000217514 -0.000247948
  -13  -13   -9  0.000217514 -0.000247948
   14   14   -6 -0.000048622 -0.000008815
  -14  -14   -6 -0.000048622 -0.000008815
   14   14    6 -0.000048622 -0.000008815
  -14  -14    6 -0.000048622 -0.000008815
    4    4   20  0.000414901  0.000013709
   -4   -4   20  0.000414901  0.000013709
    4    4  -20  0.000414901  0.000013709
   -4   -4  -20  0.000414901  0.000013709
   12   12  -12  0.000414901  0.000013709
  -12  -12  -12  0.000414901  0.000013709
  -12  -12   12  0.000414901  0.000013709
   12   12   12  0.000414901  0.000013709
  -15  -15    1  0.000153654  0.000201379
  -15  -15   -1  0.000165699 -0.000203445
   15   15    1  0.000153654  0.000201379
   15   15   -1  0.000165699 -0.000203445
   -9   -9  -17  0.000165699 -0.000203445
    9    9  -17  0.000165699 -0.000203445
    9    9   17  0.000153654  0.000201379
   -9   -9   17  0.000153654  0.000201379
    8    8  -18 -0.000042498 -0.000006985
   -8   -8   18 -0.000042498 -0.000006985
   -8   -8  -18 -0.000042498 -0.000006985
    8    8   18 -0.000042498 -0.000006985
   10   10   16  0.000349445  0.000002967
  -14  -14   -8  0.000349445  0.000002967
