    0    0    0  0.000000000  0.002987003
   -1   -1    1  0.041473724  0.049416414
    1    1    1  0.041473724  0.049416414
   -1   -1   -1  0.044295514 -0.046465354
    1    1   -1  0.044295514 -0.046465354
    0    0    2 -0.004719737  0.000061868
    0    0   -2 -0.004719737  0.000061868
   -2   -2    0  0.060070227  0.002735828
    2    2    0  0.060070227  0.002735828
    1    1    3  0.025590260 -0.025198221
    1    1   -3  0.022980589  0.027895015
   -1   -1   -3  0.022980589  0.027895015
   -1   -1    3  0.025590260 -0.025198221
   -2   -2   -2 -0.002049039  0.000041079
    2    2    2 -0.002049039  0.000041079
    2    2   -2 -0.002049039  0.000041079
   -2   -2    2 -0.002049039  0.000041079
    0    0   -4  0.041116011  0.002525604
    0    0    4  0.041116011  0.002525604
   -3   -3   -1  0.019169749 -0.017913408
    3    3    1  0.016740269  0.020392106
   -3   -3    1  0.016740269  0.020392106
    3    3   -1  0.019169749 -0.017913408
   -2   -2   -4  0.032083700  0.002342016
    2    2    4  0.032083700  0.002342016
   -2   -2    4  0.032083700  0.002342016
    2    2   -4  0.032083700  0.002342016
   -1   -1   -5  0.015557715 -0.014154790
    1    1    5  0.013286918  0.016441095
   -1   -1    5  0.013286918  0.016441095
    1    1   -5  0.015557715 -0.014154790
    3    3   -3  0.013286918  0.016441095
   -3   -3   -3  0.013286918  0.016441095
   -3   -3    3  0.015557715 -0.014154790
    3    3    3  0.015557715 -0.014154790
   -4   -4    0  0.026491168  0.002178333
    4    4    0  0.026491168  0.002178333
    0    0    6 -0.000766259 -0.000008776
   -4   -4   -2 -0.000766259 -0.000008776
    4    4   -2 -0.000766259 -0.000008776
    4    4    2 -0.000766259 -0.000008776
    0    0   -6 -0.000766259 -0.000008776
   -4   -4    2 -0.000766259 -0.000008776
   -3   -3    5  0.009297201  0.012015932
    3    3    5  0.009297201  0.012015932
   -3   -3   -5  0.011296011 -0.010057096
    3    3   -5  0.011296011 -0.010057096
   -2   -2   -6 -0.000737987 -0.000021479
   -2   -2    6 -0.000737987 -0.000021479
    2    2    6 -0.000737987 -0.000021479
    2    2   -6 -0.000737987 -0.000021479
    4    4   -4  0.019552059  0.001896339
    4    4    4  0.019552059  0.001896339
   -4   -4    4  0.019552059  0.001896339
   -4   -4   -4  0.019552059  0.001896339
    5    5    1  0.007995436  0.010575598
   -5   -5    1  0.007995436  0.010575598
    5    5   -1  0.009875673 -0.008757787
   -5   -5   -1  0.009875673 -0.008757787
   -1   -1   -7  0.007995436  0.010575598
    1    1    7  0.009875673 -0.008757787
   -1   -1    7  0.009875673 -0.008757787
    1    1   -7  0.007995436  0.010575598
    5    5    3  0.008726813 -0.007726748
   -5   -5    3  0.008726813 -0.007726748
   -5   -5   -3  0.006955757  0.009415955
    5    5   -3  0.006955757  0.009415955
    0    0    8  0.015248569  0.001660754
    0    0   -8  0.015248569  0.001660754
   -3   -3    7  0.007775907 -0.006885202
    3    3    7  0.007775907 -0.006885202
    3    3   -7  0.006105808  0.008456711
   -3   -3   -7  0.006105808  0.008456711
    4    4    6 -0.000730019 -0.000050255
    4    4   -6 -0.000730019 -0.000050255
   -4   -4   -6 -0.000730019 -0.000050255
   -4   -4    6 -0.000730019 -0.000050255
   -2   -2    8  0.013639207  0.001556840
    2    2   -8  0.013639207  0.001556840
   -2   -2   -8  0.013639207  0.001556840
    2    2    8  0.013639207  0.001556840
   -6   -6    0  0.013639207  0.001556840
    6    6    0  0.013639207  0.001556840
    5    5   -5  0.006975427 -0.006183953
   -5   -5   -5  0.006975427 -0.006183953
    5    5    5  0.005398992  0.007647426
   -5   -5    5  0.005398992  0.007647426
   -6   -6   -2 -0.000728100 -0.000057303
    6    6    2 -0.000728100 -0.000057303
    6    6   -2 -0.000728100 -0.000057303
   -6   -6    2 -0.000728100 -0.000057303
    1    1    9  0.004803410  0.006954273
    1    1   -9  0.006292706 -0.005590217
   -1   -1   -9  0.006292706 -0.005590217
   -1   -1    9  0.004803410  0.006954273
    6    6   -4  0.011112364  0.001371877
   -6   -6   -4  0.011112364  0.001371877
    6    6    4  0.011112364  0.001371877
   -6   -6    4  0.011112364  0.001371877
   -4   -4   -8  0.010103954  0.001289319
   -4   -4    8  0.010103954  0.001289319
    4    4   -8  0.010103954  0.001289319
    4    4    8  0.010103954  0.001289319
   -5   -5   -7  0.003860472  0.005827554
    5    5   -7  0.003860472  0.005827554
   -5   -5    7  0.005192587 -0.004639909
    5    5    7  0.005192587 -0.004639909
    7    7    1  0.003860472  0.005827554
   -7   -7    1  0.003860472  0.005827554
    3    3    9  0.003860472  0.005827554
   -3   -3   -9  0.005192587 -0.004639909
    7    7   -1  0.005192587 -0.004639909
    3    3   -9  0.005192587 -0.004639909
   -3   -3    9  0.003860472  0.005827554
   -7   -7   -1  0.005192587 -0.004639909
    0    0   10 -0.000705805 -0.000072733
    0    0  -10 -0.000705805 -0.000072733
    7    7   -3  0.003483298  0.005363528
    7    7    3  0.004744346 -0.004254305
   -7   -7    3  0.004744346 -0.004254305
   -7   -7   -3  0.003483298  0.005363528
   -2   -2  -10 -0.000693441 -0.000076326
   -2   -2   10 -0.000693441 -0.000076326
    2    2   10 -0.000693441 -0.000076326
    2    2  -10 -0.000693441 -0.000076326
    6    6    6 -0.000693441 -0.000076326
   -6   -6    6 -0.000693441 -0.000076326
    6    6   -6 -0.000693441 -0.000076326
   -6   -6   -6 -0.000693441 -0.000076326
   -7   -7    5  0.002866713  0.004582900
   -7   -7   -5  0.003998585 -0.003613881
    1    1   11  0.003998585 -0.003613881
    1    1  -11  0.002866713  0.004582900
   -1   -1   11  0.003998585 -0.003613881
    7    7   -5  0.003998585 -0.003613881
    7    7    5  0.002866713  0.004582900
   -1   -1  -11  0.002866713  0.004582900
    8    8    0  0.007159279  0.001011988
   -8   -8    0  0.007159279  0.001011988
    5    5   -9  0.003686127 -0.003345759
    5    5    9  0.002613053  0.004252032
   -5   -5   -9  0.003686127 -0.003345759
   -5   -5    9  0.002613053  0.004252032
   -4   -4  -10 -0.000647194 -0.000083615
    4    4  -10 -0.000647194 -0.000083615
    4    4   10 -0.000647194 -0.000083615
   -4   -4   10 -0.000647194 -0.000083615
   -8   -8   -2 -0.000647194 -0.000083615
    8    8   -2 -0.000647194 -0.000083615
    8    8    2 -0.000647194 -0.000083615
   -8   -8    2 -0.000647194 -0.000083615
    6    6    8  0.006615983  0.000953696
    6    6   -8  0.006615983  0.000953696
   -6   -6    8  0.006615983  0.000953696
   -6   -6   -8  0.006615983  0.000953696
    3    3  -11  0.002388566  0.003953532
    3    3   11  0.003406306 -0.003105655
   -3   -3   11  0.003406306 -0.003105655
   -3   -3  -11  0.002388566  0.003953532
    8    8   -4  0.006128356  0.000899112
    0    0  -12  0.006128356  0.000899112
    8    8    4  0.006128356  0.000899112
    0    0   12  0.006128356  0.000899112
   -8   -8    4  0.006128356  0.000899112
   -8   -8   -4  0.006128356  0.000899112
   -7   -7   -7  0.002189048  0.003683167
    7    7    7  0.003154657 -0.002889698
   -7   -7    7  0.003154657 -0.002889698
    7    7   -7  0.002189048  0.003683167
    2    2  -12  0.005688949  0.000847947
    2    2   12  0.005688949  0.000847947
   -2   -2   12  0.005688949  0.000847947
   -2   -2  -12  0.005688949  0.000847947
    9    9    1  0.001851611  0.003213327
   -9   -9   -1  0.002721658 -0.002517968
    9    9   -1  0.002721658 -0.002517968
   -9   -9    1  0.001851611  0.003213327
   -8   -8   -6 -0.000576797 -0.000087384
   -8   -8    6 -0.000576797 -0.000087384
    8    8    6 -0.000576797 -0.000087384
    8    8   -6 -0.000576797 -0.000087384
    5    5  -11  0.001708381  0.003008397
   -5   -5  -11  0.001708381  0.003008397
   -5   -5   11  0.002534594 -0.002357292
   -1   -1   13  0.001708381  0.003008397
    1    1  -13  0.002534594 -0.002357292
    5    5   11  0.002534594 -0.002357292
   -1   -1  -13  0.002534594 -0.002357292
    1    1   13  0.001708381  0.003008397
    9    9    3  0.002534594 -0.002357292
    9    9   -3  0.001708381  0.003008397
   -9   -9   -3  0.001708381  0.003008397
   -9   -9    3  0.002534594 -0.002357292
    6    6  -10 -0.000559166 -0.000087563
   -6   -6  -10 -0.000559166 -0.000087563
    6    6   10 -0.000559166 -0.000087563
   -6   -6   10 -0.000559166 -0.000087563
    4    4   12  0.004602805  0.000712482
   -4   -4  -12  0.004602805  0.000712482
    4    4  -12  0.004602805  0.000712482
   -4   -4   12  0.004602805  0.000712482
    7    7   -9  0.002364067 -0.002210766
    7    7    9  0.001579294  0.002820492
   -7   -7   -9  0.002364067 -0.002210766
   -7   -7    9  0.001579294  0.002820492
    3    3   13  0.001462620  0.002647780
   -3   -3   13  0.001462620  0.002647780
   -3   -3  -13  0.002208186 -0.002076770
    3    3  -13  0.002208186 -0.002076770
   -9   -9    5  0.001462620  0.002647780
    9    9   -5  0.002208186 -0.002076770
    9    9    5  0.001462620  0.002647780
   -9   -9   -5  0.002208186 -0.002076770
   -8   -8    8  0.004029200  0.000635104
   -8   -8   -8  0.004029200  0.000635104
    8    8   -8  0.004029200  0.000635104
    8    8    8  0.004029200  0.000635104
    0    0   14 -0.000508135 -0.000086778
    0    0  -14 -0.000508135 -0.000086778
   10   10    0  0.003777791  0.000599762
  -10  -10    0  0.003777791  0.000599762
   10   10    2 -0.000491950 -0.000086159
   10   10   -2 -0.000491950 -0.000086159
  -10  -10   -2 -0.000491950 -0.000086159
  -10  -10    2 -0.000491950 -0.000086159
    2    2  -14 -0.000491950 -0.000086159
   -2   -2   14 -0.000491950 -0.000086159
    2    2   14 -0.000491950 -0.000086159
   -2   -2  -14 -0.000491950 -0.000086159
   -9   -9    7  0.001813279 -0.001736998
    9    9    7  0.001813279 -0.001736998
   -9   -9   -7  0.001173326  0.002205956
    9    9   -7  0.001173326  0.002205956
  -10  -10   -4  0.003333724  0.000535036
   10   10   -4  0.003333724  0.000535036
  -10  -10    4  0.003333724  0.000535036
   10   10    4  0.003333724  0.000535036
    6    6   12  0.003333724  0.000535036
    6    6  -12  0.003333724  0.000535036
   -6   -6  -12  0.003333724  0.000535036
   -6   -6   12  0.003333724  0.000535036
    5    5  -13  0.001701819 -0.001640989
   -5   -5   13  0.001093478  0.002080084
    5    5   13  0.001093478  0.002080084
   -5   -5  -13  0.001701819 -0.001640989
    7    7   11  0.001701819 -0.001640989
    7    7  -11  0.001093478  0.002080084
   -7   -7   11  0.001701819 -0.001640989
   -7   -7  -11  0.001093478  0.002080084
    1    1   15  0.001598794 -0.001552184
    1    1  -15  0.001020452  0.001963255
   -1   -1  -15  0.001020452  0.001963255
   -1   -1   15  0.001598794 -0.001552184
   -8   -8  -10 -0.000446282 -0.000083505
   -4   -4  -14 -0.000446282 -0.000083505
    4    4  -14 -0.000446282 -0.000083505
   -4   -4   14 -0.000446282 -0.000083505
    8    8   10 -0.000446282 -0.000083505
    4    4   14 -0.000446282 -0.000083505
    8    8  -10 -0.000446282 -0.000083505
   -8   -8   10 -0.000446282 -0.000083505
  -10  -10   -6 -0.000432049 -0.000082407
  -10  -10    6 -0.000432049 -0.000082407
   10   10   -6 -0.000432049 -0.000082407
   10   10    6 -0.000432049 -0.000082407
   -3   -3   15  0.001414913 -0.001393480
    3    3   15  0.001414913 -0.001393480
    3    3  -15  0.000892104  0.001753534
   -3   -3  -15  0.000892104  0.001753534
   -9   -9    9  0.000892104  0.001753534
    9    9   -9  0.001414913 -0.001393480
  -11  -11   -1  0.001414913 -0.001393480
   11   11   -1  0.001414913 -0.001393480
   -9   -9   -9  0.001414913 -0.001393480
    9    9    9  0.000892104  0.001753534
  -11  -11    1  0.000892104  0.001753534
   11   11    1  0.000892104  0.001753534
   11   11   -3  0.000835611  0.001659261
  -11  -11    3  0.001332713 -0.001322424
  -11  -11   -3  0.000835611  0.001659261
   11   11    3  0.001332713 -0.001322424
    0    0   16  0.002485470  0.000402362
    0    0  -16  0.002485470  0.000402362
  -10  -10    8  0.002350290  0.000380023
   10   10    8  0.002350290  0.000380023
  -10  -10   -8  0.002350290  0.000380023
   10   10   -8  0.002350290  0.000380023
   -2   -2   16  0.002350290  0.000380023
    2    2  -16  0.002350290  0.000380023
    2    2   16  0.002350290  0.000380023
   -2   -2  -16  0.002350290  0.000380023
  -11  -11    5  0.000735568  0.001488981
   -7   -7  -13  0.001184988 -0.001194482
   11   11   -5  0.001184988 -0.001194482
    7    7   13  0.000735568  0.001488981
   -7   -7   13  0.000735568  0.001488981
   11   11    5  0.000735568  0.001488981
    7    7  -13  0.001184988 -0.001194482
  -11  -11   -5  0.001184988 -0.001194482
   -6   -6   14 -0.000379937 -0.000077287
    6    6   14 -0.000379937 -0.000077287
   -6   -6  -14 -0.000379937 -0.000077287
    6    6  -14 -0.000379937 -0.000077287
   -8   -8  -12  0.002224295  0.000358886
   -8   -8   12  0.002224295  0.000358886
    8    8   12  0.002224295  0.000358886
    8    8  -12  0.002224295  0.000358886
    5    5   15  0.001118522 -0.001136783
   -5   -5   15  0.001118522 -0.001136783
   -5   -5  -15  0.000691215  0.001411986
    5    5  -15  0.000691215  0.001411986
   -9   -9  -11  0.000650181  0.001339845
    9    9  -11  0.000650181  0.001339845
   -9   -9   11  0.001056441 -0.001082795
    9    9   11  0.001056441 -0.001082795
   -4   -4  -16  0.001996821  0.000319938
    4    4   16  0.001996821  0.000319938
  -12  -12    0  0.001996821  0.000319938
    4    4  -16  0.001996821  0.000319938
   12   12    0  0.001996821  0.000319938
   -4   -4   16  0.001996821  0.000319938
    1    1   17  0.000612165  0.001272179
   -1   -1   17  0.000612165  0.001272179
   -1   -1  -17  0.000998389 -0.001032209
    1    1  -17  0.000998389 -0.001032209
   11   11    7  0.000998389 -0.001032209
  -11  -11   -7  0.000612165  0.001272179
  -11  -11    7  0.000998389 -0.001032209
   11   11   -7  0.000612165  0.001272179
   12   12   -2 -0.000345559 -0.000072941
   12   12    2 -0.000345559 -0.000072941
  -12  -12    2 -0.000345559 -0.000072941
  -12  -12   -2 -0.000345559 -0.000072941
   10   10   10 -0.000334914 -0.000071435
  -10  -10  -10 -0.000334914 -0.000071435
  -10  -10   10 -0.000334914 -0.000071435
   10   10  -10 -0.000334914 -0.000071435
  -12  -12   -4  0.001797721  0.000285004
   12   12    4  0.001797721  0.000285004
   12   12   -4  0.001797721  0.000285004
  -12  -12    4  0.001797721  0.000285004
    3    3  -17  0.000893118 -0.000940168
    3    3   17  0.000544153  0.001148929
   -3   -3   17  0.000544153  0.001148929
   -3   -3  -17  0.000893118 -0.000940168
   -7   -7   15  0.000800494 -0.000858756
    7    7  -15  0.000485359  0.001039854
    7    7   15  0.000800494 -0.000858756
   -7   -7  -15  0.000485359  0.001039854
  -11  -11   -9  0.000800494 -0.000858756
   11   11   -9  0.000800494 -0.000858756
  -11  -11    9  0.000485359  0.001039854
   11   11    9  0.000485359  0.001039854
   12   12   -6 -0.000305204 -0.000066825
  -12  -12    6 -0.000305204 -0.000066825
  -12  -12   -6 -0.000305204 -0.000066825
   12   12    6 -0.000305204 -0.000066825
    0    0   18 -0.000305204 -0.000066825
    0    0  -18 -0.000305204 -0.000066825
   -8   -8   14 -0.000305204 -0.000066825
   -8   -8  -14 -0.000305204 -0.000066825
    8    8  -14 -0.000305204 -0.000066825
    8    8   14 -0.000305204 -0.000066825
   -6   -6   16  0.001543038  0.000239162
    6    6   16  0.001543038  0.000239162
   -6   -6  -16  0.001543038  0.000239162
    6    6  -16  0.001543038  0.000239162
    9    9   13  0.000458948  0.000990002
    9    9  -13  0.000758344 -0.000821538
   -9   -9  -13  0.000758344 -0.000821538
   -9   -9   13  0.000458948  0.000990002
    2    2  -18 -0.000295991 -0.000065272
   -2   -2  -18 -0.000295991 -0.000065272
    2    2   18 -0.000295991 -0.000065272
   -2   -2   18 -0.000295991 -0.000065272
   13   13   -1  0.000718700 -0.000786418
   13   13    1  0.000434313  0.000942982
  -13  -13    1  0.000434313  0.000942982
  -13  -13   -1  0.000718700 -0.000786418
    5    5   17  0.000434313  0.000942982
    5    5  -17  0.000718700 -0.000786418
   -5   -5   17  0.000434313  0.000942982
   -5   -5  -17  0.000718700 -0.000786418
   10   10   12  0.001397640  0.000212422
  -10  -10  -12  0.001397640  0.000212422
   10   10  -12  0.001397640  0.000212422
  -10  -10   12  0.001397640  0.000212422
   13   13   -3  0.000411312  0.000898598
   13   13    3  0.000681385 -0.000753241
  -13  -13   -3  0.000411312  0.000898598
  -13  -13    3  0.000681385 -0.000753241
   12   12    8  0.001331214  0.000200074
   12   12   -8  0.001331214  0.000200074
  -12  -12    8  0.001331214  0.000200074
  -12  -12   -8  0.001331214  0.000200074
    4    4   18 -0.000270225 -0.000060615
   -4   -4   18 -0.000270225 -0.000060615
   -4   -4  -18 -0.000270225 -0.000060615
    4    4  -18 -0.000270225 -0.000060615
   -1   -1   19  0.000613098 -0.000692179
   -1   -1  -19  0.000369710  0.000817035
    1    1  -19  0.000369710  0.000817035
    1    1   19  0.000613098 -0.000692179
   13   13    5  0.000369710  0.000817035
  -13  -13    5  0.000369710  0.000817035
   13   13   -5  0.000613098 -0.000692179
  -13  -13   -5  0.000613098 -0.000692179
  -11  -11  -11  0.000369710  0.000817035
   11   11  -11  0.000369710  0.000817035
  -11  -11   11  0.000613098 -0.000692179
   11   11   11  0.000613098 -0.000692179
    3    3  -19  0.000333247  0.000744045
    3    3   19  0.000552334 -0.000637379
   -3   -3   19  0.000552334 -0.000637379
   -3   -3  -19  0.000333247  0.000744045
   -8   -8  -16  0.001100872  0.000156679
    8    8  -16  0.001100872  0.000156679
    8    8   16  0.001100872  0.000156679
   -8   -8   16  0.001100872  0.000156679
  -13  -13   -7  0.000316707  0.000710424
   -7   -7   17  0.000316707  0.000710424
    7    7  -17  0.000524465 -0.000612069
   13   13   -7  0.000316707  0.000710424
    9    9   15  0.000524465 -0.000612069
   -9   -9  -15  0.000316707  0.000710424
  -13  -13    7  0.000524465 -0.000612069
   -7   -7  -17  0.000524465 -0.000612069
    7    7   17  0.000316707  0.000710424
   -9   -9   15  0.000524465 -0.000612069
   13   13    7  0.000524465 -0.000612069
    9    9  -15  0.000316707  0.000710424
  -12  -12  -10 -0.000239769 -0.000054514
  -12  -12   10 -0.000239769 -0.000054514
   12   12  -10 -0.000239769 -0.000054514
   12   12   10 -0.000239769 -0.000054514
  -14  -14    0  0.001050965  0.000147174
   14   14    0  0.001050965  0.000147174
  -10  -10  -14 -0.000232776 -0.000053022
   10   10  -14 -0.000232776 -0.000053022
   10   10   14 -0.000232776 -0.000053022
  -10  -10   14 -0.000232776 -0.000053022
  -14  -14    2 -0.000232776 -0.000053022
    6    6  -18 -0.000232776 -0.000053022
   14   14    2 -0.000232776 -0.000053022
   -6   -6   18 -0.000232776 -0.000053022
   -6   -6  -18 -0.000232776 -0.000053022
    6    6   18 -0.000232776 -0.000053022
   14   14   -2 -0.000232776 -0.000053022
  -14  -14   -2 -0.000232776 -0.000053022
    0    0  -20  0.001003730  0.000138151
    0    0   20  0.001003730  0.000138151
    2    2  -20  0.000958993  0.000129584
   -2   -2  -20  0.000958993  0.000129584
   -2   -2   20  0.000958993  0.000129584
    2    2   20  0.000958993  0.000129584
   14   14    4  0.000958993  0.000129584
  -14  -14    4  0.000958993  0.000129584
   14   14   -4  0.000958993  0.000129584
  -14  -14   -4  0.000958993  0.000129584
    5    5  -19  0.000272901  0.000619658
    5    5   19  0.000449656 -0.000543443
   -5   -5  -19  0.000272901  0.000619658
   -5   -5   19  0.000449656 -0.000543443
  -11  -11  -13  0.000449656 -0.000543443
  -11  -11   13  0.000272901  0.000619658
   11   11  -13  0.000449656 -0.000543443
   11   11   13  0.000272901  0.000619658
   13   13    9  0.000260011  0.000592430
  -13  -13    9  0.000260011  0.000592430
   13   13   -9  0.000427349 -0.000522752
  -13  -13   -9  0.000427349 -0.000522752
   14   14   -6 -0.000206997 -0.000047232
  -14  -14   -6 -0.000206997 -0.000047232
   14   14    6 -0.000206997 -0.000047232
  -14  -14    6 -0.000206997 -0.000047232
    4    4   20  0.000838247  0.000106396
   -4   -4   20  0.000838247  0.000106396
    4    4  -20  0.000838247  0.000106396
   -4   -4  -20  0.000838247  0.000106396
   12   12  -12  0.000838247  0.000106396
  -12  -12  -12  0.000838247  0.000106396
  -12  -12   12  0.000838247  0.000106396
   12   12   12  0.000838247  0.000106396
  -15  -15    1  0.000215527  0.000496377
  -15  -15   -1  0.000349231 -0.000449220
   15   15    1  0.000215527  0.000496377
   15   15   -1  0.000349231 -0.000449220
   -9   -9  -17  0.000349231 -0.000449220
    9    9  -17  0.000349231 -0.000449220
    9    9   17  0.000215527  0.000496377
   -9   -9   17  0.000215527  0.000496377
    8    8  -18 -0.000189732 -0.000043106
   -8   -8   18 -0.000189732 -0.000043106
   -8   -8  -18 -0.000189732 -0.000043106
    8    8   18 -0.000189732 -0.000043106
   10   10   16  0.000734939  0.000086545
  -14  -14   -8  0.000734939  0.000086545
