    0    0    0  0.000000000  0.002973996
    0    1    0  0.001112664  0.000306919
    1    0    0  0.001112664  0.000306919
   -1    0    0  0.001112664  0.000306919
    0   -1    0  0.001112664  0.000306919
    1    1    0  0.055933011  0.002189714
   -1   -1    0  0.055933011  0.002189714
    1   -1    0  0.055933011  0.002189714
   -1    1    0  0.055933011  0.002189714
   -2    0    0  0.072196250  0.002587525
    0    2    0  0.072196250  0.002587525
    2    0    0  0.072196250  0.002587525
    0   -2    0  0.072196250  0.002587525
    1    2    0  0.000140436  0.000375553
   -1    2    0  0.000140436  0.000375553
   -2   -1    0  0.000140436  0.000375553
    2   -1    0  0.000140436  0.000375553
   -1   -2    0  0.000140436  0.000375553
    2    1    0  0.000140436  0.000375553
    1   -2    0  0.000140436  0.000375553
   -2    1    0  0.000140436  0.000375553
   -2   -2    0  0.047396102  0.002286601
    2    2    0  0.047396102  0.002286601
   -2    2    0  0.047396102  0.002286601
    2   -2    0  0.047396102  0.002286601
    0    3    0  0.000728533  0.000420093
    3    0    0  0.000728533  0.000420093
    0   -3    0  0.000728533  0.000420093
   -3    0    0  0.000728533  0.000420093
    1   -3    0  0.021284880  0.001741391
    1    3    0  0.021284880  0.001741391
   -1   -3    0  0.021284880  0.001741391
    3    1    0  0.021284880  0.001741391
   -1    3    0  0.021284880  0.001741391
   -3   -1    0  0.021284880  0.001741391
    3   -1    0  0.021284880  0.001741391
   -3    1    0  0.021284880  0.001741391
    3    2    0  0.001220018  0.000449544
    2    3    0  0.001220018  0.000449544
    2   -3    0  0.001220018  0.000449544
   -3    2    0  0.001220018  0.000449544
   -2   -3    0  0.001220018  0.000449544
   -2    3    0  0.001220018  0.000449544
    3   -2    0  0.001220018  0.000449544
   -3   -2    0  0.001220018  0.000449544
   -4    0    0  0.027021439  0.001834644
    0    4    0  0.027021439  0.001834644
    0   -4    0  0.027021439  0.001834644
    4    0    0  0.027021439  0.001834644
    1   -4    0  0.001576892  0.000469200
    4    1    0  0.001576892  0.000469200
    4   -1    0  0.001576892  0.000469200
    1    4    0  0.001576892  0.000469200
   -1    4    0  0.001576892  0.000469200
   -1   -4    0  0.001576892  0.000469200
   -4   -1    0  0.001576892  0.000469200
   -4    1    0  0.001576892  0.000469200
   -3    3    0  0.013330256  0.001433889
    3   -3    0  0.013330256  0.001433889
   -3   -3    0  0.013330256  0.001433889
    3    3    0  0.013330256  0.001433889
    4   -2    0  0.021805832  0.001658464
   -4    2    0  0.021805832  0.001658464
    4    2    0  0.021805832  0.001658464
   -2   -4    0  0.021805832  0.001658464
    2   -4    0  0.021805832  0.001658464
    2    4    0  0.021805832  0.001658464
   -2    4    0  0.021805832  0.001658464
   -4   -2    0  0.021805832  0.001658464
   -4    3    0  0.001957032  0.000486224
    4   -3    0  0.001957032  0.000486224
    0   -5    0  0.001957032  0.000486224
   -3   -4    0  0.001957032  0.000486224
    4    3    0  0.001957032  0.000486224
   -5    0    0  0.001957032  0.000486224
    3    4    0  0.001957032  0.000486224
   -3    4    0  0.001957032  0.000486224
    0    5    0  0.001957032  0.000486224
   -4   -3    0  0.001957032  0.000486224
    5    0    0  0.001957032  0.000486224
    3   -4    0  0.001957032  0.000486224
   -1    5    0  0.009521447  0.001202995
   -1   -5    0  0.009521447  0.001202995
    5   -1    0  0.009521447  0.001202995
    1    5    0  0.009521447  0.001202995
    5    1    0  0.009521447  0.001202995
   -5   -1    0  0.009521447  0.001202995
   -5    1    0  0.009521447  0.001202995
    1   -5    0  0.009521447  0.001202995
    5   -2    0  0.002034757  0.000486893
    5    2    0  0.002034757  0.000486893
   -2   -5    0  0.002034757  0.000486893
   -5    2    0  0.002034757  0.000486893
    2   -5    0  0.002034757  0.000486893
   -2    5    0  0.002034757  0.000486893
    2    5    0  0.002034757  0.000486893
   -5   -2    0  0.002034757  0.000486893
    4    4    0  0.013097807  0.001255090
   -4   -4    0  0.013097807  0.001255090
    4   -4    0  0.013097807  0.001255090
   -4    4    0  0.013097807  0.001255090
   -5   -3    0  0.007264012  0.001021947
    5   -3    0  0.007264012  0.001021947
    3   -5    0  0.007264012  0.001021947
   -3    5    0  0.007264012  0.001021947
    3    5    0  0.007264012  0.001021947
   -3   -5    0  0.007264012  0.001021947
   -5    3    0  0.007264012  0.001021947
    5    3    0  0.007264012  0.001021947
    0    6    0  0.011374479  0.001150731
   -6    0    0  0.011374479  0.001150731
    0   -6    0  0.011374479  0.001150731
    6    0    0  0.011374479  0.001150731
   -6    1    0  0.002063008  0.000478028
   -1    6    0  0.002063008  0.000478028
    6    1    0  0.002063008  0.000478028
    1   -6    0  0.002063008  0.000478028
   -1   -6    0  0.002063008  0.000478028
   -6   -1    0  0.002063008  0.000478028
    1    6    0  0.002063008  0.000478028
    6   -1    0  0.002063008  0.000478028
    2   -6    0  0.009976160  0.001057543
   -2   -6    0  0.009976160  0.001057543
   -6    2    0  0.009976160  0.001057543
    6    2    0  0.009976160  0.001057543
    6   -2    0  0.009976160  0.001057543
   -6   -2    0  0.009976160  0.001057543
   -2    6    0  0.009976160  0.001057543
    2    6    0  0.009976160  0.001057543
   -4   -5    0  0.002037623  0.000469982
    5    4    0  0.002037623  0.000469982
   -5   -4    0  0.002037623  0.000469982
   -5    4    0  0.002037623  0.000469982
    4   -5    0  0.002037623  0.000469982
    4    5    0  0.002037623  0.000469982
   -4    5    0  0.002037623  0.000469982
    5   -4    0  0.002037623  0.000469982
    3    6    0  0.001996458  0.000460260
   -3   -6    0  0.001996458  0.000460260
    3   -6    0  0.001996458  0.000460260
    6   -3    0  0.001996458  0.000460260
    6    3    0  0.001996458  0.000460260
   -3    6    0  0.001996458  0.000460260
   -6   -3    0  0.001996458  0.000460260
   -6    3    0  0.001996458  0.000460260
   -7    0    0  0.001944680  0.000449272
    0   -7    0  0.001944680  0.000449272
    0    7    0  0.001944680  0.000449272
    7    0    0  0.001944680  0.000449272
    5    5    0  0.004709387  0.000756110
    5   -5    0  0.004709387  0.000756110
   -5    5    0  0.004709387  0.000756110
   -5   -5    0  0.004709387  0.000756110
   -7    1    0  0.004709387  0.000756110
   -1    7    0  0.004709387  0.000756110
   -7   -1    0  0.004709387  0.000756110
    7    1    0  0.004709387  0.000756110
   -1   -7    0  0.004709387  0.000756110
    1    7    0  0.004709387  0.000756110
    1   -7    0  0.004709387  0.000756110
    7   -1    0  0.004709387  0.000756110
    6    4    0  0.007036765  0.000830342
   -4    6    0  0.007036765  0.000830342
   -4   -6    0  0.007036765  0.000830342
    6   -4    0  0.007036765  0.000830342
   -6   -4    0  0.007036765  0.000830342
    4   -6    0  0.007036765  0.000830342
   -6    4    0  0.007036765  0.000830342
    4    6    0  0.007036765  0.000830342
   -7    2    0  0.001886010  0.000437345
    7    2    0  0.001886010  0.000437345
   -2    7    0  0.001886010  0.000437345
    7   -2    0  0.001886010  0.000437345
   -7   -2    0  0.001886010  0.000437345
    2    7    0  0.001886010  0.000437345
   -2   -7    0  0.001886010  0.000437345
    2   -7    0  0.001886010  0.000437345
    3   -7    0  0.003919388  0.000656126
   -3    7    0  0.003919388  0.000656126
   -3   -7    0  0.003919388  0.000656126
    3    7    0  0.003919388  0.000656126
    7    3    0  0.003919388  0.000656126
   -7    3    0  0.003919388  0.000656126
   -7   -3    0  0.003919388  0.000656126
    7   -3    0  0.003919388  0.000656126
   -5    6    0  0.001757975  0.000411670
    5   -6    0  0.001757975  0.000411670
   -6    5    0  0.001757975  0.000411670
    6    5    0  0.001757975  0.000411670
   -5   -6    0  0.001757975  0.000411670
    6   -5    0  0.001757975  0.000411670
    5    6    0  0.001757975  0.000411670
   -6   -5    0  0.001757975  0.000411670
   -8    0    0  0.005202551  0.000660599
    0    8    0  0.005202551  0.000660599
    8    0    0  0.005202551  0.000660599
    0   -8    0  0.005202551  0.000660599
   -8   -1    0  0.001691939  0.000398304
    7   -4    0  0.001691939  0.000398304
    7    4    0  0.001691939  0.000398304
   -1   -8    0  0.001691939  0.000398304
    8    1    0  0.001691939  0.000398304
    4    7    0  0.001691939  0.000398304
   -4    7    0  0.001691939  0.000398304
    4   -7    0  0.001691939  0.000398304
    1   -8    0  0.001691939  0.000398304
    8   -1    0  0.001691939  0.000398304
    1    8    0  0.001691939  0.000398304
   -7   -4    0  0.001691939  0.000398304
   -8    1    0  0.001691939  0.000398304
   -7    4    0  0.001691939  0.000398304
