    0    0    0  0.000000000  0.002946610
    0    1    0  0.001090313  0.000317169
    1    0    0  0.001090313  0.000317169
   -1    0    0  0.001090313  0.000317169
    0   -1    0  0.001090313  0.000317169
   -1   -1    0  0.055894376  0.002199149
    1    1    0  0.055894376  0.002199149
    1   -1    0  0.055894376  0.002199149
   -1    1    0  0.055894376  0.002199149
    2    0    0  0.072376466  0.002563621
    0    2    0  0.072376466  0.002563621
   -2    0    0  0.072376466  0.002563621
    0   -2    0  0.072376466  0.002563621
   -2    1    0  0.000073245  0.000381570
    2    1    0  0.000073245  0.000381570
   -2   -1    0  0.000073245  0.000381570
    2   -1    0  0.000073245  0.000381570
    1    2    0  0.000073245  0.000381570
   -1    2    0  0.000073245  0.000381570
   -1   -2    0  0.000073245  0.000381570
    1   -2    0  0.000073245  0.000381570
    2   -2    0  0.047636850  0.002269865
   -2   -2    0  0.047636850  0.002269865
    2    2    0  0.047636850  0.002269865
   -2    2    0  0.047636850  0.002269865
    0   -3    0  0.000645760  0.000424289
   -3    0    0  0.000645760  0.000424289
    3    0    0  0.000645760  0.000424289
    0    3    0  0.000645760  0.000424289
    3    1    0  0.021200199  0.001745993
    3   -1    0  0.021200199  0.001745993
    1    3    0  0.021200199  0.001745993
   -1   -3    0  0.021200199  0.001745993
   -3   -1    0  0.021200199  0.001745993
   -1    3    0  0.021200199  0.001745993
   -3    1    0  0.021200199  0.001745993
    1   -3    0  0.021200199  0.001745993
   -3   -2    0  0.001132227  0.000452899
    2    3    0  0.001132227  0.000452899
    3    2    0  0.001132227  0.000452899
    2   -3    0  0.001132227  0.000452899
   -3    2    0  0.001132227  0.000452899
    3   -2    0  0.001132227  0.000452899
   -2    3    0  0.001132227  0.000452899
   -2   -3    0  0.001132227  0.000452899
    4    0    0  0.027286661  0.001827678
    0    4    0  0.027286661  0.001827678
    0   -4    0  0.027286661  0.001827678
   -4    0    0  0.027286661  0.001827678
    4   -1    0  0.001488628  0.000471218
   -1   -4    0  0.001488628  0.000471218
   -4   -1    0  0.001488628  0.000471218
    1    4    0  0.001488628  0.000471218
    4    1    0  0.001488628  0.000471218
   -1    4    0  0.001488628  0.000471218
    1   -4    0  0.001488628  0.000471218
   -4    1    0  0.001488628  0.000471218
    3   -3    0  0.013242262  0.001435621
   -3    3    0  0.013242262  0.001435621
   -3   -3    0  0.013242262  0.001435621
    3    3    0  0.013242262  0.001435621
    4   -2    0  0.022067296  0.001654830
    4    2    0  0.022067296  0.001654830
   -2    4    0  0.022067296  0.001654830
   -4    2    0  0.022067296  0.001654830
    2   -4    0  0.022067296  0.001654830
    2    4    0  0.022067296  0.001654830
   -4   -2    0  0.022067296  0.001654830
   -2   -4    0  0.022067296  0.001654830
    4   -3    0  0.001873088  0.000486379
    0    5    0  0.001873088  0.000486379
   -5    0    0  0.001873088  0.000486379
    3   -4    0  0.001873088  0.000486379
   -4   -3    0  0.001873088  0.000486379
    0   -5    0  0.001873088  0.000486379
    3    4    0  0.001873088  0.000486379
    4    3    0  0.001873088  0.000486379
   -3    4    0  0.001873088  0.000486379
   -4    3    0  0.001873088  0.000486379
   -3   -4    0  0.001873088  0.000486379
    5    0    0  0.001873088  0.000486379
   -1   -5    0  0.009438261  0.001202975
   -5   -1    0  0.009438261  0.001202975
    5    1    0  0.009438261  0.001202975
   -1    5    0  0.009438261  0.001202975
   -5    1    0  0.009438261  0.001202975
    5   -1    0  0.009438261  0.001202975
    1    5    0  0.009438261  0.001202975
    1   -5    0  0.009438261  0.001202975
   -5    2    0  0.001953979  0.000486407
   -2   -5    0  0.001953979  0.000486407
   -2    5    0  0.001953979  0.000486407
    2   -5    0  0.001953979  0.000486407
    5   -2    0  0.001953979  0.000486407
    2    5    0  0.001953979  0.000486407
    5    2    0  0.001953979  0.000486407
   -5   -2    0  0.001953979  0.000486407
    4   -4    0  0.013332556  0.001257708
   -4   -4    0  0.013332556  0.001257708
   -4    4    0  0.013332556  0.001257708
    4    4    0  0.013332556  0.001257708
    5    3    0  0.007187481  0.001020855
   -5   -3    0  0.007187481  0.001020855
   -3    5    0  0.007187481  0.001020855
   -5    3    0  0.007187481  0.001020855
    5   -3    0  0.007187481  0.001020855
    3   -5    0  0.007187481  0.001020855
   -3   -5    0  0.007187481  0.001020855
    3    5    0  0.007187481  0.001020855
    6    0    0  0.011598888  0.001154589
    0   -6    0  0.011598888  0.001154589
    0    6    0  0.011598888  0.001154589
   -6    0    0  0.011598888  0.001154589
   -6   -1    0  0.001989069  0.000476654
    6    1    0  0.001989069  0.000476654
    1   -6    0  0.001989069  0.000476654
   -6    1    0  0.001989069  0.000476654
   -1    6    0  0.001989069  0.000476654
   -1   -6    0  0.001989069  0.000476654
    1    6    0  0.001989069  0.000476654
    6   -1    0  0.001989069  0.000476654
    6    2    0  0.010190228  0.001062355
   -2   -6    0  0.010190228  0.001062355
    2    6    0  0.010190228  0.001062355
   -6   -2    0  0.010190228  0.001062355
   -2    6    0  0.010190228  0.001062355
    6   -2    0  0.010190228  0.001062355
    2   -6    0  0.010190228  0.001062355
   -6    2    0  0.010190228  0.001062355
   -5   -4    0  0.001967122  0.000468312
    4    5    0  0.001967122  0.000468312
    4   -5    0  0.001967122  0.000468312
   -4   -5    0  0.001967122  0.000468312
    5   -4    0  0.001967122  0.000468312
    5    4    0  0.001967122  0.000468312
   -4    5    0  0.001967122  0.000468312
   -5    4    0  0.001967122  0.000468312
   -3   -6    0  0.001929324  0.000458367
   -6    3    0  0.001929324  0.000458367
    6   -3    0  0.001929324  0.000458367
   -6   -3    0  0.001929324  0.000458367
    6    3    0  0.001929324  0.000458367
   -3    6    0  0.001929324  0.000458367
    3    6    0  0.001929324  0.000458367
    3   -6    0  0.001929324  0.000458367
    0    7    0  0.001880815  0.000447216
   -7    0    0  0.001880815  0.000447216
    7    0    0  0.001880815  0.000447216
    0   -7    0  0.001880815  0.000447216
   -5   -5    0  0.004646322  0.000754021
   -5    5    0  0.004646322  0.000754021
    5   -5    0  0.004646322  0.000754021
    5    5    0  0.004646322  0.000754021
   -1   -7    0  0.004646322  0.000754021
   -7    1    0  0.004646322  0.000754021
    7    1    0  0.004646322  0.000754021
    7   -1    0  0.004646322  0.000754021
   -7   -1    0  0.004646322  0.000754021
   -1    7    0  0.004646322  0.000754021
    1   -7    0  0.004646322  0.000754021
    1    7    0  0.004646322  0.000754021
   -4   -6    0  0.007221232  0.000836779
    4    6    0  0.007221232  0.000836779
    4   -6    0  0.007221232  0.000836779
    6    4    0  0.007221232  0.000836779
   -6   -4    0  0.007221232  0.000836779
    6   -4    0  0.007221232  0.000836779
   -4    6    0  0.007221232  0.000836779
   -6    4    0  0.007221232  0.000836779
   -2    7    0  0.001825297  0.000435174
   -7    2    0  0.001825297  0.000435174
    7   -2    0  0.001825297  0.000435174
    7    2    0  0.001825297  0.000435174
   -2   -7    0  0.001825297  0.000435174
    2    7    0  0.001825297  0.000435174
   -7   -2    0  0.001825297  0.000435174
    2   -7    0  0.001825297  0.000435174
   -7    3    0  0.003862437  0.000653868
    7    3    0  0.003862437  0.000653868
   -3    7    0  0.003862437  0.000653868
    3   -7    0  0.003862437  0.000653868
    3    7    0  0.003862437  0.000653868
   -7   -3    0  0.003862437  0.000653868
    7   -3    0  0.003862437  0.000653868
   -3   -7    0  0.003862437  0.000653868
    6   -5    0  0.001703183  0.000409385
    5    6    0  0.001703183  0.000409385
    5   -6    0  0.001703183  0.000409385
   -5    6    0  0.001703183  0.000409385
   -6    5    0  0.001703183  0.000409385
   -6   -5    0  0.001703183  0.000409385
   -5   -6    0  0.001703183  0.000409385
    6    5    0  0.001703183  0.000409385
    0   -8    0  0.005360671  0.000667494
   -8    0    0  0.005360671  0.000667494
    0    8    0  0.005360671  0.000667494
    8    0    0  0.005360671  0.000667494
   -1   -8    0  0.001639911  0.000396004
    1   -8    0  0.001639911  0.000396004
   -7   -4    0  0.001639911  0.000396004
    1    8    0  0.001639911  0.000396004
   -4   -7    0  0.001639911  0.000396004
   -7    4    0  0.001639911  0.000396004
    8   -1    0  0.001639911  0.000396004
    4    7    0  0.001639911  0.000396004
   -8    1    0  0.001639911  0.000396004
    7    4    0  0.001639911  0.000396004
    7   -4    0  0.001639911  0.000396004
    8    1    0  0.001639911  0.000396004
   -1    8    0  0.001639911  0.000396004
   -8   -1    0  0.001639911  0.000396004
    4   -7    0  0.001639911  0.000396004
   -4    7    0  0.001639911  0.000396004
   -8    2    0  0.004890383  0.000620390
    2    8    0  0.004890383  0.000620390
   -2    8    0  0.004890383  0.000620390
   -2   -8    0  0.004890383  0.000620390
    2   -8    0  0.004890383  0.000620390
    8   -2    0  0.004890383  0.000620390
    8    2    0  0.004890383  0.000620390
   -8   -2    0  0.004890383  0.000620390
    6    6    0  0.004475060  0.000577132
    6   -6    0  0.004475060  0.000577132
   -6   -6    0  0.004475060  0.000577132
   -6    6    0  0.004475060  0.000577132
   -3    8    0  0.001514042  0.000368941
   -8   -3    0  0.001514042  0.000368941
    8   -3    0  0.001514042  0.000368941
   -8    3    0  0.001514042  0.000368941
    3    8    0  0.001514042  0.000368941
    8    3    0  0.001514042  0.000368941
    3   -8    0  0.001514042  0.000368941
   -3   -8    0  0.001514042  0.000368941
   -7    5    0  0.002780220  0.000497816
    7    5    0  0.002780220  0.000497816
    5    7    0  0.002780220  0.000497816
    7   -5    0  0.002780220  0.000497816
   -5   -7    0  0.002780220  0.000497816
   -5    7    0  0.002780220  0.000497816
   -7   -5    0  0.002780220  0.000497816
    5   -7    0  0.002780220  0.000497816
    8    4    0  0.003777342  0.000500641
    8   -4    0  0.003777342  0.000500641
   -8   -4    0  0.003777342  0.000500641
   -8    4    0  0.003777342  0.000500641
    4   -8    0  0.003777342  0.000500641
    4    8    0  0.003777342  0.000500641
   -4    8    0  0.003777342  0.000500641
   -4   -8    0  0.003777342  0.000500641
    0   -9    0  0.001392833  0.000342088
    9    0    0  0.001392833  0.000342088
   -9    0    0  0.001392833  0.000342088
    0    9    0  0.001392833  0.000342088
   -1    9    0  0.002394032  0.000436418
    9    1    0  0.002394032  0.000436418
   -9   -1    0  0.002394032  0.000436418
    1    9    0  0.002394032  0.000436418
    9   -1    0  0.002394032  0.000436418
    1   -9    0  0.002394032  0.000436418
   -1   -9    0  0.002394032  0.000436418
   -9    1    0  0.002394032  0.000436418
   -7    6    0  0.001334788  0.000328906
   -6    7    0  0.001334788  0.000328906
    9    2    0  0.001334788  0.000328906
   -2    9    0  0.001334788  0.000328906
    7   -6    0  0.001334788  0.000328906
   -6   -7    0  0.001334788  0.000328906
    6    7    0  0.001334788  0.000328906
    7    6    0  0.001334788  0.000328906
   -7   -6    0  0.001334788  0.000328906
    2   -9    0  0.001334788  0.000328906
    9   -2    0  0.001334788  0.000328906
    6   -7    0  0.001334788  0.000328906
   -9   -2    0  0.001334788  0.000328906
   -2   -9    0  0.001334788  0.000328906
   -9    2    0  0.001334788  0.000328906
    2    9    0  0.001334788  0.000328906
    8   -5    0  0.001278674  0.000315949
   -5   -8    0  0.001278674  0.000315949
   -8   -5    0  0.001278674  0.000315949
   -8    5    0  0.001278674  0.000315949
   -5    8    0  0.001278674  0.000315949
    8    5    0  0.001278674  0.000315949
    5   -8    0  0.001278674  0.000315949
    5    8    0  0.001278674  0.000315949
    3   -9    0  0.002077060  0.000383509
   -9    3    0  0.002077060  0.000383509
   -9   -3    0  0.002077060  0.000383509
   -3    9    0  0.002077060  0.000383509
   -3   -9    0  0.002077060  0.000383509
    9    3    0  0.002077060  0.000383509
    3    9    0  0.002077060  0.000383509
    9   -3    0  0.002077060  0.000383509
    9    4    0  0.001172540  0.000290845
   -4    9    0  0.001172540  0.000290845
   -9   -4    0  0.001172540  0.000290845
    4   -9    0  0.001172540  0.000290845
    4    9    0  0.001172540  0.000290845
   -9    4    0  0.001172540  0.000290845
   -4   -9    0  0.001172540  0.000290845
    9   -4    0  0.001172540  0.000290845
    7    7    0  0.001813538  0.000337671
    7   -7    0  0.001813538  0.000337671
   -7   -7    0  0.001813538  0.000337671
   -7    7    0  0.001813538  0.000337671
   -8   -6    0  0.002564873  0.000354612
    8   -6    0  0.002564873  0.000354612
    0  -10    0  0.002564873  0.000354612
  -10    0    0  0.002564873  0.000354612
    8    6    0  0.002564873  0.000354612
   -8    6    0  0.002564873  0.000354612
    6    8    0  0.002564873  0.000354612
   10    0    0  0.002564873  0.000354612
   -6    8    0  0.002564873  0.000354612
   -6   -8    0  0.002564873  0.000354612
    0   10    0  0.002564873  0.000354612
    6   -8    0  0.002564873  0.000354612
   10   -1    0  0.001122565  0.000278744
    1  -10    0  0.001122565  0.000278744
   -1   10    0  0.001122565  0.000278744
   10    1    0  0.001122565  0.000278744
  -10   -1    0  0.001122565  0.000278744
   -1  -10    0  0.001122565  0.000278744
    1   10    0  0.001122565  0.000278744
  -10    1    0  0.001122565  0.000278744
  -10   -2    0  0.002385757  0.000331424
   10   -2    0  0.002385757  0.000331424
   -2   10    0  0.002385757  0.000331424
    2  -10    0  0.002385757  0.000331424
    2   10    0  0.002385757  0.000331424
   10    2    0  0.002385757  0.000331424
   -2  -10    0  0.002385757  0.000331424
  -10    2    0  0.002385757  0.000331424
   -5   -9    0  0.001592135  0.000297777
   -9   -5    0  0.001592135  0.000297777
    5    9    0  0.001592135  0.000297777
   -5    9    0  0.001592135  0.000297777
    9    5    0  0.001592135  0.000297777
    9   -5    0  0.001592135  0.000297777
   -9    5    0  0.001592135  0.000297777
    5   -9    0  0.001592135  0.000297777
    3  -10    0  0.001028713  0.000255524
  -10   -3    0  0.001028713  0.000255524
    3   10    0  0.001028713  0.000255524
   10   -3    0  0.001028713  0.000255524
   -3   10    0  0.001028713  0.000255524
  -10    3    0  0.001028713  0.000255524
   10    3    0  0.001028713  0.000255524
   -3  -10    0  0.001028713  0.000255524
   -8   -7    0  0.000984751  0.000244422
    7   -8    0  0.000984751  0.000244422
    8   -7    0  0.000984751  0.000244422
    7    8    0  0.000984751  0.000244422
   -7   -8    0  0.000984751  0.000244422
   -8    7    0  0.000984751  0.000244422
   -7    8    0  0.000984751  0.000244422
    8    7    0  0.000984751  0.000244422
   -4   10    0  0.001935653  0.000271058
    4   10    0  0.001935653  0.000271058
   -4  -10    0  0.001935653  0.000271058
   10    4    0  0.001935653  0.000271058
    4  -10    0  0.001935653  0.000271058
  -10    4    0  0.001935653  0.000271058
   10   -4    0  0.001935653  0.000271058
  -10   -4    0  0.001935653  0.000271058
    9    6    0  0.000942693  0.000233665
   -6   -9    0  0.000942693  0.000233665
   -6    9    0  0.000942693  0.000233665
   -9   -6    0  0.000942693  0.000233665
    9   -6    0  0.000942693  0.000233665
    6    9    0  0.000942693  0.000233665
   -9    6    0  0.000942693  0.000233665
    6   -9    0  0.000942693  0.000233665
  -11    0    0  0.000902476  0.000223256
    0  -11    0  0.000902476  0.000223256
   11    0    0  0.000902476  0.000223256
    0   11    0  0.000902476  0.000223256
    1  -11    0  0.001244206  0.000232338
   -1   11    0  0.001244206  0.000232338
  -11   -1    0  0.001244206  0.000232338
   11    1    0  0.001244206  0.000232338
  -11    1    0  0.001244206  0.000232338
   -1  -11    0  0.001244206  0.000232338
   11   -1    0  0.001244206  0.000232338
    1   11    0  0.001244206  0.000232338
   -5  -10    0  0.000864034  0.000213193
   -5   10    0  0.000864034  0.000213193
   -2  -11    0  0.000864034  0.000213193
   -2   11    0  0.000864034  0.000213193
    2   11    0  0.000864034  0.000213193
  -10   -5    0  0.000864034  0.000213193
  -11    2    0  0.000864034  0.000213193
    5  -10    0  0.000864034  0.000213193
   10   -5    0  0.000864034  0.000213193
   11   -2    0  0.000864034  0.000213193
   10    5    0  0.000864034  0.000213193
    2  -11    0  0.000864034  0.000213193
  -11   -2    0  0.000864034  0.000213193
    5   10    0  0.000864034  0.000213193
  -10    5    0  0.000864034  0.000213193
   11    2    0  0.000864034  0.000213193
    8    8    0  0.001587149  0.000222083
   -8    8    0  0.001587149  0.000222083
    8   -8    0  0.001587149  0.000222083
   -8   -8    0  0.001587149  0.000222083
   11   -3    0  0.001106437  0.000205438
   -3  -11    0  0.001106437  0.000205438
    3   11    0  0.001106437  0.000205438
   11    3    0  0.001106437  0.000205438
    3  -11    0  0.001106437  0.000205438
   -3   11    0  0.001106437  0.000205438
  -11   -3    0  0.001106437  0.000205438
  -11    3    0  0.001106437  0.000205438
   -7    9    0  0.001106437  0.000205438
   -9   -7    0  0.001106437  0.000205438
    7   -9    0  0.001106437  0.000205438
    7    9    0  0.001106437  0.000205438
    9   -7    0  0.001106437  0.000205438
   -7   -9    0  0.001106437  0.000205438
    9    7    0  0.001106437  0.000205438
   -9    7    0  0.001106437  0.000205438
  -10   -6    0  0.001397487  0.000194537
   -6   10    0  0.001397487  0.000194537
   10    6    0  0.001397487  0.000194537
   10   -6    0  0.001397487  0.000194537
    6  -10    0  0.001397487  0.000194537
   -6  -10    0  0.001397487  0.000194537
  -10    6    0  0.001397487  0.000194537
    6   10    0  0.001397487  0.000194537
   11   -4    0  0.000758676  0.000185056
   -4  -11    0  0.000758676  0.000185056
    4   11    0  0.000758676  0.000185056
  -11    4    0  0.000758676  0.000185056
    4  -11    0  0.000758676  0.000185056
   11    4    0  0.000758676  0.000185056
   -4   11    0  0.000758676  0.000185056
  -11   -4    0  0.000758676  0.000185056
  -12    0    0  0.001234953  0.000170398
    0  -12    0  0.001234953  0.000170398
    0   12    0  0.001234953  0.000170398
   12    0    0  0.001234953  0.000170398
   -8   -9    0  0.000696067  0.000167958
   -8    9    0  0.000696067  0.000167958
    9    8    0  0.000696067  0.000167958
   -1   12    0  0.000696067  0.000167958
   -1  -12    0  0.000696067  0.000167958
    8    9    0  0.000696067  0.000167958
    8   -9    0  0.000696067  0.000167958
   -9   -8    0  0.000696067  0.000167958
   -9    8    0  0.000696067  0.000167958
  -12    1    0  0.000696067  0.000167958
    1  -12    0  0.000696067  0.000167958
    9   -8    0  0.000696067  0.000167958
    1   12    0  0.000696067  0.000167958
   12    1    0  0.000696067  0.000167958
   12   -1    0  0.000696067  0.000167958
  -12   -1    0  0.000696067  0.000167958
   11    5    0  0.000883799  0.000160708
  -11    5    0  0.000883799  0.000160708
    5   11    0  0.000883799  0.000160708
    5  -11    0  0.000883799  0.000160708
   -5   11    0  0.000883799  0.000160708
   -5  -11    0  0.000883799  0.000160708
   11   -5    0  0.000883799  0.000160708
  -11   -5    0  0.000883799  0.000160708
  -12   -2    0  0.001162382  0.000159456
    2   12    0  0.001162382  0.000159456
   -2  -12    0  0.001162382  0.000159456
  -12    2    0  0.001162382  0.000159456
   12    2    0  0.001162382  0.000159456
   -2   12    0  0.001162382  0.000159456
   12   -2    0  0.001162382  0.000159456
    2  -12    0  0.001162382  0.000159456
  -10   -7    0  0.000666854  0.000159887
   -7   10    0  0.000666854  0.000159887
   -7  -10    0  0.000666854  0.000159887
   10    7    0  0.000666854  0.000159887
    7  -10    0  0.000666854  0.000159887
    7   10    0  0.000666854  0.000159887
   10   -7    0  0.000666854  0.000159887
  -10    7    0  0.000666854  0.000159887
   12   -3    0  0.000638952  0.000152126
    3   12    0  0.000638952  0.000152126
   -3   12    0  0.000638952  0.000152126
    3  -12    0  0.000638952  0.000152126
   -3  -12    0  0.000638952  0.000152126
  -12   -3    0  0.000638952  0.000152126
   12    3    0  0.000638952  0.000152126
  -12    3    0  0.000638952  0.000152126
    6  -11    0  0.000612302  0.000144666
   -6   11    0  0.000612302  0.000144666
  -11    6    0  0.000612302  0.000144666
   11   -6    0  0.000612302  0.000144666
  -11   -6    0  0.000612302  0.000144666
    6   11    0  0.000612302  0.000144666
   11    6    0  0.000612302  0.000144666
   -6  -11    0  0.000612302  0.000144666
  -12   -4    0  0.000973776  0.000130527
   12   -4    0  0.000973776  0.000130527
   12    4    0  0.000973776  0.000130527
   -4   12    0  0.000973776  0.000130527
   -4  -12    0  0.000973776  0.000130527
  -12    4    0  0.000973776  0.000130527
    4   12    0  0.000973776  0.000130527
    4  -12    0  0.000973776  0.000130527
    9   -9    0  0.000714150  0.000125556
   -9   -9    0  0.000714150  0.000125556
    9    9    0  0.000714150  0.000125556
   -9    9    0  0.000714150  0.000125556
  -10   -8    0  0.000919302  0.000122039
   10    8    0  0.000919302  0.000122039
   -8   10    0  0.000919302  0.000122039
   -8  -10    0  0.000919302  0.000122039
    8   10    0  0.000919302  0.000122039
  -10    8    0  0.000919302  0.000122039
   10   -8    0  0.000919302  0.000122039
    8  -10    0  0.000919302  0.000122039
   12   -5    0  0.000539294  0.000124011
  -12    5    0  0.000539294  0.000124011
   -5   12    0  0.000539294  0.000124011
   12    5    0  0.000539294  0.000124011
    5  -12    0  0.000539294  0.000124011
   -5  -12    0  0.000539294  0.000124011
  -12   -5    0  0.000539294  0.000124011
    5   12    0  0.000539294  0.000124011
    0   13    0  0.000539294  0.000124011
   13    0    0  0.000539294  0.000124011
    0  -13    0  0.000539294  0.000124011
  -13    0    0  0.000539294  0.000124011
    7   11    0  0.000644380  0.000110835
   -7  -11    0  0.000644380  0.000110835
  -11    7    0  0.000644380  0.000110835
   11    7    0  0.000644380  0.000110835
    7  -11    0  0.000644380  0.000110835
  -11   -7    0  0.000644380  0.000110835
   -7   11    0  0.000644380  0.000110835
   11   -7    0  0.000644380  0.000110835
   -1   13    0  0.000644380  0.000110835
   -1  -13    0  0.000644380  0.000110835
    1  -13    0  0.000644380  0.000110835
   13   -1    0  0.000644380  0.000110835
   13    1    0  0.000644380  0.000110835
  -13   -1    0  0.000644380  0.000110835
  -13    1    0  0.000644380  0.000110835
    1   13    0  0.000644380  0.000110835
   -2   13    0  0.000517096  0.000117673
    2  -13    0  0.000517096  0.000117673
   13    2    0  0.000517096  0.000117673
   -2  -13    0  0.000517096  0.000117673
  -13    2    0  0.000517096  0.000117673
   13   -2    0  0.000517096  0.000117673
  -13   -2    0  0.000517096  0.000117673
    2   13    0  0.000517096  0.000117673
  -13   -3    0  0.000582740  0.000097711
   13    3    0  0.000582740  0.000097711
   -3  -13    0  0.000582740  0.000097711
   -3   13    0  0.000582740  0.000097711
   13   -3    0  0.000582740  0.000097711
  -13    3    0  0.000582740  0.000097711
    3   13    0  0.000582740  0.000097711
    3  -13    0  0.000582740  0.000097711
    6  -12    0  0.000735032  0.000092884
  -12   -6    0  0.000735032  0.000092884
   12   -6    0  0.000735032  0.000092884
   12    6    0  0.000735032  0.000092884
    6   12    0  0.000735032  0.000092884
  -12    6    0  0.000735032  0.000092884
   -6   12    0  0.000735032  0.000092884
   -6  -12    0  0.000735032  0.000092884
    9  -10    0  0.000475611  0.000105766
   10   -9    0  0.000475611  0.000105766
    9   10    0  0.000475611  0.000105766
  -10    9    0  0.000475611  0.000105766
   10    9    0  0.000475611  0.000105766
   -9  -10    0  0.000475611  0.000105766
  -10   -9    0  0.000475611  0.000105766
   -9   10    0  0.000475611  0.000105766
  -11   -8    0  0.000456234  0.000100181
    8  -11    0  0.000456234  0.000100181
   11    8    0  0.000456234  0.000100181
  -13   -4    0  0.000456234  0.000100181
    8   11    0  0.000456234  0.000100181
   13    4    0  0.000456234  0.000100181
  -13    4    0  0.000456234  0.000100181
  -11    8    0  0.000456234  0.000100181
    4  -13    0  0.000456234  0.000100181
   -8   11    0  0.000456234  0.000100181
   11   -8    0  0.000456234  0.000100181
   13   -4    0  0.000456234  0.000100181
   -8  -11    0  0.000456234  0.000100181
   -4  -13    0  0.000456234  0.000100181
    4   13    0  0.000456234  0.000100181
   -4   13    0  0.000456234  0.000100181
  -12    7    0  0.000419999  0.000089705
    7  -12    0  0.000419999  0.000089705
   12    7    0  0.000419999  0.000089705
   -7   12    0  0.000419999  0.000089705
   12   -7    0  0.000419999  0.000089705
  -12   -7    0  0.000419999  0.000089705
   -7  -12    0  0.000419999  0.000089705
    7   12    0  0.000419999  0.000089705
   -5   13    0  0.000479520  0.000075518
  -13   -5    0  0.000479520  0.000075518
   13   -5    0  0.000479520  0.000075518
    5  -13    0  0.000479520  0.000075518
   13    5    0  0.000479520  0.000075518
    5   13    0  0.000479520  0.000075518
  -13    5    0  0.000479520  0.000075518
   -5  -13    0  0.000479520  0.000075518
  -14    0    0  0.000593303  0.000070025
    0   14    0  0.000593303  0.000070025
    0  -14    0  0.000593303  0.000070025
   14    0    0  0.000593303  0.000070025
   -1   14    0  0.000403063  0.000084798
   -1  -14    0  0.000403063  0.000084798
    1  -14    0  0.000403063  0.000084798
    1   14    0  0.000403063  0.000084798
  -14   -1    0  0.000403063  0.000084798
  -14    1    0  0.000403063  0.000084798
   14    1    0  0.000403063  0.000084798
   14   -1    0  0.000403063  0.000084798
  -10   10    0  0.000563123  0.000065116
   10  -10    0  0.000563123  0.000065116
  -10  -10    0  0.000563123  0.000065116
   10   10    0  0.000563123  0.000065116
   14    2    0  0.000563123  0.000065116
  -14   -2    0  0.000563123  0.000065116
  -14    2    0  0.000563123  0.000065116
   -2  -14    0  0.000563123  0.000065116
   14   -2    0  0.000563123  0.000065116
    2   14    0  0.000563123  0.000065116
   -2   14    0  0.000563123  0.000065116
    2  -14    0  0.000563123  0.000065116
   11   -9    0  0.000436198  0.000066143
   -9  -11    0  0.000436198  0.000066143
   11    9    0  0.000436198  0.000066143
  -11   -9    0  0.000436198  0.000066143
  -11    9    0  0.000436198  0.000066143
    9   11    0  0.000436198  0.000066143
    9  -11    0  0.000436198  0.000066143
   -9   11    0  0.000436198  0.000066143
   13   -6    0  0.000371373  0.000075607
  -14   -3    0  0.000371373  0.000075607
   -6  -13    0  0.000371373  0.000075607
   14    3    0  0.000371373  0.000075607
  -14    3    0  0.000371373  0.000075607
  -13    6    0  0.000371373  0.000075607
    6   13    0  0.000371373  0.000075607
   13    6    0  0.000371373  0.000075607
    3   14    0  0.000371373  0.000075607
  -13   -6    0  0.000371373  0.000075607
   -3   14    0  0.000371373  0.000075607
    3  -14    0  0.000371373  0.000075607
   -6   13    0  0.000371373  0.000075607
   14   -3    0  0.000371373  0.000075607
   -3  -14    0  0.000371373  0.000075607
    6  -13    0  0.000371373  0.000075607
    8  -12    0  0.000508051  0.000056129
    8   12    0  0.000508051  0.000056129
   -8  -12    0  0.000508051  0.000056129
   -8   12    0  0.000508051  0.000056129
   12   -8    0  0.000508051  0.000056129
  -12   -8    0  0.000508051  0.000056129
  -12    8    0  0.000508051  0.000056129
   12    8    0  0.000508051  0.000056129
   14   -4    0  0.000482917  0.000052018
    4   14    0  0.000482917  0.000052018
    4  -14    0  0.000482917  0.000052018
   14    4    0  0.000482917  0.000052018
  -14   -4    0  0.000482917  0.000052018
   -4  -14    0  0.000482917  0.000052018
   -4   14    0  0.000482917  0.000052018
  -14    4    0  0.000482917  0.000052018
   13    7    0  0.000362736  0.000050216
    7  -13    0  0.000362736  0.000050216
  -13    7    0  0.000362736  0.000050216
   -7  -13    0  0.000362736  0.000050216
    7   13    0  0.000362736  0.000050216
   13   -7    0  0.000362736  0.000050216
  -13   -7    0  0.000362736  0.000050216
   -7   13    0  0.000362736  0.000050216
  -11   10    0  0.000315806  0.000059507
  -10   11    0  0.000315806  0.000059507
   11   10    0  0.000315806  0.000059507
   10   11    0  0.000315806  0.000059507
  -11  -10    0  0.000315806  0.000059507
   10  -11    0  0.000315806  0.000059507
   11  -10    0  0.000315806  0.000059507
  -10  -11    0  0.000315806  0.000059507
   14   -5    0  0.000315806  0.000059507
   -5   14    0  0.000315806  0.000059507
    5  -14    0  0.000315806  0.000059507
    5   14    0  0.000315806  0.000059507
   14    5    0  0.000315806  0.000059507
   -5  -14    0  0.000315806  0.000059507
  -14    5    0  0.000315806  0.000059507
  -14   -5    0  0.000315806  0.000059507
  -15    0    0  0.000303370  0.000055917
    0   15    0  0.000303370  0.000055917
   12    9    0  0.000303370  0.000055917
   -9   12    0  0.000303370  0.000055917
    9  -12    0  0.000303370  0.000055917
  -12   -9    0  0.000303370  0.000055917
    9   12    0  0.000303370  0.000055917
  -12    9    0  0.000303370  0.000055917
   12   -9    0  0.000303370  0.000055917
   -9  -12    0  0.000303370  0.000055917
   15    0    0  0.000303370  0.000055917
    0  -15    0  0.000303370  0.000055917
    1   15    0  0.000331533  0.000043463
   -1  -15    0  0.000331533  0.000043463
  -15    1    0  0.000331533  0.000043463
   15   -1    0  0.000331533  0.000043463
   15    1    0  0.000331533  0.000043463
  -15   -1    0  0.000331533  0.000043463
   -1   15    0  0.000331533  0.000043463
    1  -15    0  0.000331533  0.000043463
   -2   15    0  0.000291464  0.000052487
   15   -2    0  0.000291464  0.000052487
   15    2    0  0.000291464  0.000052487
  -15   -2    0  0.000291464  0.000052487
    2  -15    0  0.000291464  0.000052487
   -2  -15    0  0.000291464  0.000052487
  -15    2    0  0.000291464  0.000052487
    2   15    0  0.000291464  0.000052487
    6  -14    0  0.000377221  0.000034716
  -14   -6    0  0.000377221  0.000034716
   -6   14    0  0.000377221  0.000034716
   14    6    0  0.000377221  0.000034716
  -14    6    0  0.000377221  0.000034716
   14   -6    0  0.000377221  0.000034716
   -6  -14    0  0.000377221  0.000034716
    6   14    0  0.000377221  0.000034716
   13    8    0  0.000280061  0.000049211
  -13   -8    0  0.000280061  0.000049211
    8  -13    0  0.000280061  0.000049211
   -8   13    0  0.000280061  0.000049211
  -13    8    0  0.000280061  0.000049211
   -8  -13    0  0.000280061  0.000049211
   13   -8    0  0.000280061  0.000049211
    8   13    0  0.000280061  0.000049211
  -15    3    0  0.000303432  0.000037402
   -3  -15    0  0.000303432  0.000037402
    3  -15    0  0.000303432  0.000037402
   -3   15    0  0.000303432  0.000037402
   15   -3    0  0.000303432  0.000037402
    3   15    0  0.000303432  0.000037402
   15    3    0  0.000303432  0.000037402
  -15   -3    0  0.000303432  0.000037402
    4  -15    0  0.000258679  0.000043098
   -4  -15    0  0.000258679  0.000043098
   15    4    0  0.000258679  0.000043098
    4   15    0  0.000258679  0.000043098
  -15   -4    0  0.000258679  0.000043098
   15   -4    0  0.000258679  0.000043098
   -4   15    0  0.000258679  0.000043098
  -15    4    0  0.000258679  0.000043098
  -11   11    0  0.000278072  0.000031962
   11  -11    0  0.000278072  0.000031962
  -11  -11    0  0.000278072  0.000031962
   11   11    0  0.000278072  0.000031962
  -12   10    0  0.000326857  0.000026512
   10  -12    0  0.000326857  0.000026512
   12  -10    0  0.000326857  0.000026512
   12   10    0  0.000326857  0.000026512
  -10   12    0  0.000326857  0.000026512
  -10  -12    0  0.000326857  0.000026512
   10   12    0  0.000326857  0.000026512
  -12  -10    0  0.000326857  0.000026512
   14    7    0  0.000248656  0.000040249
  -14   -7    0  0.000248656  0.000040249
   14   -7    0  0.000248656  0.000040249
   -7   14    0  0.000248656  0.000040249
   -7  -14    0  0.000248656  0.000040249
    7   14    0  0.000248656  0.000040249
    7  -14    0  0.000248656  0.000040249
  -14    7    0  0.000248656  0.000040249
   -5   15    0  0.000255139  0.000027077
  -15    5    0  0.000255139  0.000027077
   -5  -15    0  0.000255139  0.000027077
    5  -15    0  0.000255139  0.000027077
   15    5    0  0.000255139  0.000027077
  -15   -5    0  0.000255139  0.000027077
  -13   -9    0  0.000255139  0.000027077
   13    9    0  0.000255139  0.000027077
   -9  -13    0  0.000255139  0.000027077
   15   -5    0  0.000255139  0.000027077
    5   15    0  0.000255139  0.000027077
    9  -13    0  0.000255139  0.000027077
    9   13    0  0.000255139  0.000027077
   13   -9    0  0.000255139  0.000027077
  -13    9    0  0.000255139  0.000027077
   -9   13    0  0.000255139  0.000027077
  -16    0    0  0.000284159  0.000019620
   16    0    0  0.000284159  0.000019620
    0  -16    0  0.000284159  0.000019620
    0   16    0  0.000284159  0.000019620
   -1  -16    0  0.000221025  0.000032467
    1   16    0  0.000221025  0.000032467
  -16   -1    0  0.000221025  0.000032467
   -1   16    0  0.000221025  0.000032467
  -16    1    0  0.000221025  0.000032467
   16   -1    0  0.000221025  0.000032467
   16    1    0  0.000221025  0.000032467
    1  -16    0  0.000221025  0.000032467
    2   16    0  0.000271391  0.000017578
   14   -8    0  0.000271391  0.000017578
    8   14    0  0.000271391  0.000017578
   -8   14    0  0.000271391  0.000017578
   -2  -16    0  0.000271391  0.000017578
  -16    2    0  0.000271391  0.000017578
    2  -16    0  0.000271391  0.000017578
   16   -2    0  0.000271391  0.000017578
   -8  -14    0  0.000271391  0.000017578
  -14   -8    0  0.000271391  0.000017578
   16    2    0  0.000271391  0.000017578
  -14    8    0  0.000271391  0.000017578
   -2   16    0  0.000271391  0.000017578
    8  -14    0  0.000271391  0.000017578
  -16   -2    0  0.000271391  0.000017578
   14    8    0  0.000271391  0.000017578
    6  -15    0  0.000212566  0.000030111
  -15    6    0  0.000212566  0.000030111
   15   -6    0  0.000212566  0.000030111
   -6  -15    0  0.000212566  0.000030111
   15    6    0  0.000212566  0.000030111
  -15   -6    0  0.000212566  0.000030111
   -6   15    0  0.000212566  0.000030111
    6   15    0  0.000212566  0.000030111
  -12  -11    0  0.000204456  0.000027865
  -12   11    0  0.000204456  0.000027865
   12  -11    0  0.000204456  0.000027865
   11   12    0  0.000204456  0.000027865
  -11   12    0  0.000204456  0.000027865
  -11  -12    0  0.000204456  0.000027865
   11  -12    0  0.000204456  0.000027865
   12   11    0  0.000204456  0.000027865
    3  -16    0  0.000204456  0.000027865
    3   16    0  0.000204456  0.000027865
   16   -3    0  0.000204456  0.000027865
   -3  -16    0  0.000204456  0.000027865
   -3   16    0  0.000204456  0.000027865
  -16    3    0  0.000204456  0.000027865
  -16   -3    0  0.000204456  0.000027865
   16    3    0  0.000204456  0.000027865
   10  -13    0  0.000196678  0.000025726
  -13  -10    0  0.000196678  0.000025726
  -10   13    0  0.000196678  0.000025726
  -10  -13    0  0.000196678  0.000025726
   13   10    0  0.000196678  0.000025726
   10   13    0  0.000196678  0.000025726
  -13   10    0  0.000196678  0.000025726
   13  -10    0  0.000196678  0.000025726
  -16    4    0  0.000236890  0.000012121
    4  -16    0  0.000236890  0.000012121
   16    4    0  0.000236890  0.000012121
    4   16    0  0.000236890  0.000012121
  -16   -4    0  0.000236890  0.000012121
   -4   16    0  0.000236890  0.000012121
   -4  -16    0  0.000236890  0.000012121
   16   -4    0  0.000236890  0.000012121
   15   -7    0  0.000198368  0.000015227
   15    7    0  0.000198368  0.000015227
   -7  -15    0  0.000198368  0.000015227
   -7   15    0  0.000198368  0.000015227
    7  -15    0  0.000198368  0.000015227
  -15   -7    0  0.000198368  0.000015227
    7   15    0  0.000198368  0.000015227
  -15    7    0  0.000198368  0.000015227
  -14   -9    0  0.000182062  0.000021750
   -9   14    0  0.000182062  0.000021750
   14    9    0  0.000182062  0.000021750
    9   14    0  0.000182062  0.000021750
   14   -9    0  0.000182062  0.000021750
    9  -14    0  0.000182062  0.000021750
   -9  -14    0  0.000182062  0.000021750
  -14    9    0  0.000182062  0.000021750
   -5   16    0  0.000175196  0.000019903
   16    5    0  0.000175196  0.000019903
   -5  -16    0  0.000175196  0.000019903
    5  -16    0  0.000175196  0.000019903
  -16   -5    0  0.000175196  0.000019903
   16   -5    0  0.000175196  0.000019903
    5   16    0  0.000175196  0.000019903
  -16    5    0  0.000175196  0.000019903
  -12  -12    0  0.000198452  0.000006194
   12   12    0  0.000198452  0.000006194
  -12   12    0  0.000198452  0.000006194
   12  -12    0  0.000198452  0.000006194
   15    8    0  0.000162285  0.000016476
    0   17    0  0.000162285  0.000016476
  -15   -8    0  0.000162285  0.000016476
   17    0    0  0.000162285  0.000016476
   -8   15    0  0.000162285  0.000016476
   15   -8    0  0.000162285  0.000016476
    8  -15    0  0.000162285  0.000016476
    8   15    0  0.000162285  0.000016476
   -8  -15    0  0.000162285  0.000016476
  -15    8    0  0.000162285  0.000016476
  -17    0    0  0.000162285  0.000016476
    0  -17    0  0.000162285  0.000016476
  -13  -11    0  0.000168532  0.000009224
   13   11    0  0.000168532  0.000009224
  -13   11    0  0.000168532  0.000009224
   11  -13    0  0.000168532  0.000009224
   11   13    0  0.000168532  0.000009224
  -11   13    0  0.000168532  0.000009224
  -11  -13    0  0.000168532  0.000009224
   13  -11    0  0.000168532  0.000009224
    1  -17    0  0.000168532  0.000009224
   -1  -17    0  0.000168532  0.000009224
    1   17    0  0.000168532  0.000009224
   -1   17    0  0.000168532  0.000009224
   17    1    0  0.000168532  0.000009224
   17   -1    0  0.000168532  0.000009224
  -17    1    0  0.000168532  0.000009224
  -17   -1    0  0.000168532  0.000009224
    6  -16    0  0.000189993  0.000004920
   16    6    0  0.000189993  0.000004920
    6   16    0  0.000189993  0.000004920
   -6  -16    0  0.000189993  0.000004920
   -6   16    0  0.000189993  0.000004920
  -16    6    0  0.000189993  0.000004920
  -16   -6    0  0.000189993  0.000004920
   16   -6    0  0.000189993  0.000004920
   17    2    0  0.000156216  0.000014888
  -17   -2    0  0.000156216  0.000014888
  -17    2    0  0.000156216  0.000014888
   -2   17    0  0.000156216  0.000014888
    2   17    0  0.000156216  0.000014888
   -2  -17    0  0.000156216  0.000014888
   17   -2    0  0.000156216  0.000014888
    2  -17    0  0.000156216  0.000014888
   10  -14    0  0.000181944  0.000003720
  -14  -10    0  0.000181944  0.000003720
   14   10    0  0.000181944  0.000003720
  -10  -14    0  0.000181944  0.000003720
  -10   14    0  0.000181944  0.000003720
   10   14    0  0.000181944  0.000003720
   14  -10    0  0.000181944  0.000003720
  -14   10    0  0.000181944  0.000003720
  -17    3    0  0.000155538  0.000006685
    3  -17    0  0.000155538  0.000006685
   17    3    0  0.000155538  0.000006685
  -17   -3    0  0.000155538  0.000006685
   -3  -17    0  0.000155538  0.000006685
    3   17    0  0.000155538  0.000006685
   -3   17    0  0.000155538  0.000006685
   17   -3    0  0.000155538  0.000006685
  -16   -7    0  0.000139425  0.000010581
   16   -7    0  0.000139425  0.000010581
   -7   16    0  0.000139425  0.000010581
   16    7    0  0.000139425  0.000010581
   -7  -16    0  0.000139425  0.000010581
    7  -16    0  0.000139425  0.000010581
    7   16    0  0.000139425  0.000010581
  -16    7    0  0.000139425  0.000010581
  -17   -4    0  0.000139425  0.000010581
  -17    4    0  0.000139425  0.000010581
    4  -17    0  0.000139425  0.000010581
   -4   17    0  0.000139425  0.000010581
   17    4    0  0.000139425  0.000010581
    4   17    0  0.000139425  0.000010581
   -4  -17    0  0.000139425  0.000010581
   17   -4    0  0.000139425  0.000010581
   15   -9    0  0.000143659  0.000004415
  -15    9    0  0.000143659  0.000004415
   15    9    0  0.000143659  0.000004415
  -15   -9    0  0.000143659  0.000004415
   -9  -15    0  0.000143659  0.000004415
    9   15    0  0.000143659  0.000004415
   -9   15    0  0.000143659  0.000004415
    9  -15    0  0.000143659  0.000004415
   12  -13    0  0.000129311  0.000008060
  -13   12    0  0.000129311  0.000008060
  -12   13    0  0.000129311  0.000008060
   13  -12    0  0.000129311  0.000008060
  -12  -13    0  0.000129311  0.000008060
   13   12    0  0.000129311  0.000008060
   12   13    0  0.000129311  0.000008060
  -13  -12    0  0.000129311  0.000008060
  -17    5    0  0.000132784  0.000002389
   17   -5    0  0.000132784  0.000002389
   17    5    0  0.000132784  0.000002389
  -17   -5    0  0.000132784  0.000002389
    5   17    0  0.000132784  0.000002389
    5  -17    0  0.000132784  0.000002389
   -5   17    0  0.000132784  0.000002389
   -5  -17    0  0.000132784  0.000002389
   11   14    0  0.000124551  0.000006896
  -11  -14    0  0.000124551  0.000006896
   14   11    0  0.000124551  0.000006896
   14  -11    0  0.000124551  0.000006896
  -14  -11    0  0.000124551  0.000006896
   11  -14    0  0.000124551  0.000006896
  -11   14    0  0.000124551  0.000006896
  -14   11    0  0.000124551  0.000006896
   16   -8    0  0.000141065 -0.000002121
   -8  -16    0  0.000141065 -0.000002121
    8  -16    0  0.000141065 -0.000002121
   16    8    0  0.000141065 -0.000002121
  -16    8    0  0.000141065 -0.000002121
   -8   16    0  0.000141065 -0.000002121
    8   16    0  0.000141065 -0.000002121
  -16   -8    0  0.000141065 -0.000002121
  -18    0    0  0.000135317 -0.000002898
   18    0    0  0.000135317 -0.000002898
    0   18    0  0.000135317 -0.000002898
    0  -18    0  0.000135317 -0.000002898
  -15   10    0  0.000115583  0.000004746
   -1   18    0  0.000115583  0.000004746
   -6  -17    0  0.000115583  0.000004746
   10   15    0  0.000115583  0.000004746
   18   -1    0  0.000115583  0.000004746
  -15  -10    0  0.000115583  0.000004746
    1  -18    0  0.000115583  0.000004746
   15   10    0  0.000115583  0.000004746
    6   17    0  0.000115583  0.000004746
  -10  -15    0  0.000115583  0.000004746
   10  -15    0  0.000115583  0.000004746
  -18   -1    0  0.000115583  0.000004746
   18    1    0  0.000115583  0.000004746
  -18    1    0  0.000115583  0.000004746
   -1  -18    0  0.000115583  0.000004746
    1   18    0  0.000115583  0.000004746
   15  -10    0  0.000115583  0.000004746
   -6   17    0  0.000115583  0.000004746
   17   -6    0  0.000115583  0.000004746
   17    6    0  0.000115583  0.000004746
  -17   -6    0  0.000115583  0.000004746
  -17    6    0  0.000115583  0.000004746
    6  -17    0  0.000115583  0.000004746
  -10   15    0  0.000115583  0.000004746
   -2   18    0  0.000129833 -0.000003627
    2   18    0  0.000129833 -0.000003627
    2  -18    0  0.000129833 -0.000003627
   -2  -18    0  0.000129833 -0.000003627
   18    2    0  0.000129833 -0.000003627
   18   -2    0  0.000129833 -0.000003627
  -18   -2    0  0.000129833 -0.000003627
  -18    2    0  0.000129833 -0.000003627
   -3  -18    0  0.000107300  0.000002817
    3   18    0  0.000107300  0.000002817
   -3   18    0  0.000107300  0.000002817
  -18   -3    0  0.000107300  0.000002817
   18   -3    0  0.000107300  0.000002817
   18    3    0  0.000107300  0.000002817
  -18    3    0  0.000107300  0.000002817
    3  -18    0  0.000107300  0.000002817
  -16   -9    0  0.000103398  0.000001930
  -16    9    0  0.000103398  0.000001930
   16   -9    0  0.000103398  0.000001930
   -9   16    0  0.000103398  0.000001930
   16    9    0  0.000103398  0.000001930
    9  -16    0  0.000103398  0.000001930
    9   16    0  0.000103398  0.000001930
   -9  -16    0  0.000103398  0.000001930
   -7  -17    0  0.000105274 -0.000002449
  -13   13    0  0.000105274 -0.000002449
    7   17    0  0.000105274 -0.000002449
  -17   -7    0  0.000105274 -0.000002449
   13   13    0  0.000105274 -0.000002449
   17   -7    0  0.000105274 -0.000002449
  -13  -13    0  0.000105274 -0.000002449
   -7   17    0  0.000105274 -0.000002449
   17    7    0  0.000105274 -0.000002449
   13  -13    0  0.000105274 -0.000002449
  -17    7    0  0.000105274 -0.000002449
    7  -17    0  0.000105274 -0.000002449
    4   18    0  0.000114821 -0.000005547
   -4   18    0  0.000114821 -0.000005547
   -4  -18    0  0.000114821 -0.000005547
    4  -18    0  0.000114821 -0.000005547
   14  -12    0  0.000114821 -0.000005547
   14   12    0  0.000114821 -0.000005547
   12   14    0  0.000114821 -0.000005547
   18    4    0  0.000114821 -0.000005547
   18   -4    0  0.000114821 -0.000005547
  -14   12    0  0.000114821 -0.000005547
  -18    4    0  0.000114821 -0.000005547
  -12   14    0  0.000114821 -0.000005547
  -12  -14    0  0.000114821 -0.000005547
   12  -14    0  0.000114821 -0.000005547
  -18   -4    0  0.000114821 -0.000005547
  -14  -12    0  0.000114821 -0.000005547
  -15  -11    0  0.000097553 -0.000003711
  -15   11    0  0.000097553 -0.000003711
   15  -11    0  0.000097553 -0.000003711
  -11   15    0  0.000097553 -0.000003711
   11  -15    0  0.000097553 -0.000003711
   15   11    0  0.000097553 -0.000003711
  -11  -15    0  0.000097553 -0.000003711
   11   15    0  0.000097553 -0.000003711
    5   18    0  0.000092572 -0.000000451
   18   -5    0  0.000092572 -0.000000451
   -5  -18    0  0.000092572 -0.000000451
  -18    5    0  0.000092572 -0.000000451
   -5   18    0  0.000092572 -0.000000451
   18    5    0  0.000092572 -0.000000451
    5  -18    0  0.000092572 -0.000000451
  -18   -5    0  0.000092572 -0.000000451
  -17   -8    0  0.000089236 -0.000001157
   -8  -17    0  0.000089236 -0.000001157
  -17    8    0  0.000089236 -0.000001157
    8   17    0  0.000089236 -0.000001157
    8  -17    0  0.000089236 -0.000001157
   -8   17    0  0.000089236 -0.000001157
   17    8    0  0.000089236 -0.000001157
   17   -8    0  0.000089236 -0.000001157
   10  -16    0  0.000097737 -0.000007566
  -16   10    0  0.000097737 -0.000007566
  -16  -10    0  0.000097737 -0.000007566
   10   16    0  0.000097737 -0.000007566
   16  -10    0  0.000097737 -0.000007566
  -10   16    0  0.000097737 -0.000007566
  -10  -16    0  0.000097737 -0.000007566
   16   10    0  0.000097737 -0.000007566
   18   -6    0  0.000093923 -0.000007987
   -6  -18    0  0.000093923 -0.000007987
  -18    6    0  0.000093923 -0.000007987
  -18   -6    0  0.000093923 -0.000007987
    6   18    0  0.000093923 -0.000007987
    6  -18    0  0.000093923 -0.000007987
   18    6    0  0.000093923 -0.000007987
   -6   18    0  0.000093923 -0.000007987
  -19    0    0  0.000082942 -0.000002451
    0   19    0  0.000082942 -0.000002451
    0  -19    0  0.000082942 -0.000002451
   19    0    0  0.000082942 -0.000002451
   -1   19    0  0.000083904 -0.000005802
    1  -19    0  0.000083904 -0.000005802
   19    1    0  0.000083904 -0.000005802
   -1  -19    0  0.000083904 -0.000005802
  -19    1    0  0.000083904 -0.000005802
   19   -1    0  0.000083904 -0.000005802
  -19   -1    0  0.000083904 -0.000005802
    1   19    0  0.000083904 -0.000005802
  -14   13    0  0.000079973 -0.000003042
   14   13    0  0.000079973 -0.000003042
    2  -19    0  0.000079973 -0.000003042
  -19    2    0  0.000079973 -0.000003042
   14  -13    0  0.000079973 -0.000003042
   -2  -19    0  0.000079973 -0.000003042
  -13   14    0  0.000079973 -0.000003042
   -2   19    0  0.000079973 -0.000003042
    2   19    0  0.000079973 -0.000003042
   19    2    0  0.000079973 -0.000003042
   13  -14    0  0.000079973 -0.000003042
   19   -2    0  0.000079973 -0.000003042
  -14  -13    0  0.000079973 -0.000003042
  -13  -14    0  0.000079973 -0.000003042
  -19   -2    0  0.000079973 -0.000003042
   13   14    0  0.000079973 -0.000003042
  -15   12    0  0.000077116 -0.000003598
   15   12    0  0.000077116 -0.000003598
  -15  -12    0  0.000077116 -0.000003598
   12  -15    0  0.000077116 -0.000003598
   15  -12    0  0.000077116 -0.000003598
  -12   15    0  0.000077116 -0.000003598
   12   15    0  0.000077116 -0.000003598
  -12  -15    0  0.000077116 -0.000003598
   -3   19    0  0.000077872 -0.000006658
    3  -19    0  0.000077872 -0.000006658
   17   -9    0  0.000077872 -0.000006658
  -19    3    0  0.000077872 -0.000006658
    3   19    0  0.000077872 -0.000006658
   -9   17    0  0.000077872 -0.000006658
  -17   -9    0  0.000077872 -0.000006658
   17    9    0  0.000077872 -0.000006658
    9   17    0  0.000077872 -0.000006658
   -3  -19    0  0.000077872 -0.000006658
   19   -3    0  0.000077872 -0.000006658
    9  -17    0  0.000077872 -0.000006658
   -9  -17    0  0.000077872 -0.000006658
   19    3    0  0.000077872 -0.000006658
  -19   -3    0  0.000077872 -0.000006658
  -17    9    0  0.000077872 -0.000006658
   18   -7    0  0.000074367 -0.000004120
    7   18    0  0.000074367 -0.000004120
   -7   18    0  0.000074367 -0.000004120
  -18   -7    0  0.000074367 -0.000004120
   -7  -18    0  0.000074367 -0.000004120
   18    7    0  0.000074367 -0.000004120
    7  -18    0  0.000074367 -0.000004120
  -18    7    0  0.000074367 -0.000004120
   16   11    0  0.000071721 -0.000004611
  -16   11    0  0.000071721 -0.000004611
   16  -11    0  0.000071721 -0.000004611
   11   16    0  0.000071721 -0.000004611
  -16  -11    0  0.000071721 -0.000004611
  -11   16    0  0.000071721 -0.000004611
   11  -16    0  0.000071721 -0.000004611
  -11  -16    0  0.000071721 -0.000004611
    4  -19    0  0.000071721 -0.000004611
   -4  -19    0  0.000071721 -0.000004611
   -4   19    0  0.000071721 -0.000004611
   19   -4    0  0.000071721 -0.000004611
   19    4    0  0.000071721 -0.000004611
    4   19    0  0.000071721 -0.000004611
  -19   -4    0  0.000071721 -0.000004611
  -19    4    0  0.000071721 -0.000004611
