    0    0    0  0.000000000  0.003339879
   -1   -1    1  0.041129771  0.049110390
    1    1    1  0.041129771  0.049110390
   -1   -1   -1  0.044707081 -0.046259796
    1    1   -1  0.044707081 -0.046259796
    0    0    2 -0.004371411 -0.000355863
    0    0   -2 -0.004371411 -0.000355863
   -2   -2    0  0.059682653  0.003026092
    2    2    0  0.059682653  0.003026092
    1    1    3  0.025972374 -0.024724157
    1    1   -3  0.022739019  0.027337746
   -1   -1   -3  0.022739019  0.027337746
   -1   -1    3  0.025972374 -0.024724157
   -2   -2   -2 -0.001441122 -0.000304079
    2    2    2 -0.001441122 -0.000304079
    2    2   -2 -0.001441122 -0.000304079
   -2   -2    2 -0.001441122 -0.000304079
    0    0   -4  0.040600745  0.002765515
    0    0    4  0.040600745  0.002765515
   -3   -3   -1  0.019517224 -0.017309730
    3    3    1  0.016572461  0.019719646
   -3   -3    1  0.016572461  0.019719646
    3    3   -1  0.019517224 -0.017309730
   -2   -2   -4  0.031490021  0.002539650
    2    2    4  0.031490021  0.002539650
   -2   -2    4  0.031490021  0.002539650
    2    2   -4  0.031490021  0.002539650
   -1   -1   -5  0.015871977 -0.013463878
    1    1    5  0.013177955  0.015693761
   -1   -1    5  0.013177955  0.015693761
    1    1   -5  0.015871977 -0.013463878
    3    3   -3  0.013177955  0.015693761
   -3   -3   -3  0.013177955  0.015693761
   -3   -3    3  0.015871977 -0.013463878
    3    3    3  0.015871977 -0.013463878
   -4   -4    0  0.025842754  0.002339673
    4    4    0  0.025842754  0.002339673
    0    0    6  0.000127303 -0.000198271
   -4   -4   -2  0.000127303 -0.000198271
    4    4   -2  0.000127303 -0.000198271
    4    4    2  0.000127303 -0.000198271
    0    0   -6  0.000127303 -0.000198271
   -4   -4    2  0.000127303 -0.000198271
   -3   -3    5  0.009276972  0.011183103
    3    3    5  0.009276972  0.011183103
   -3   -3   -5  0.011550158 -0.009260609
    3    3   -5  0.011550158 -0.009260609
   -2   -2   -6  0.000198041 -0.000172276
   -2   -2    6  0.000198041 -0.000172276
    2    2    6  0.000198041 -0.000172276
    2    2   -6  0.000198041 -0.000172276
    4    4   -4  0.018839395  0.001998524
    4    4    4  0.018839395  0.001998524
   -4   -4    4  0.018839395  0.001998524
   -4   -4   -4  0.018839395  0.001998524
    5    5    1  0.008009161  0.009721165
   -5   -5    1  0.008009161  0.009721165
    5    5   -1  0.010102966 -0.007931487
   -5   -5   -1  0.010102966 -0.007931487
   -1   -1   -7  0.008009161  0.009721165
    1    1    7  0.010102966 -0.007931487
   -1   -1    7  0.010102966 -0.007931487
    1    1   -7  0.008009161  0.009721165
    5    5    3  0.008929308 -0.006881204
   -5   -5    3  0.008929308 -0.006881204
   -5   -5   -3  0.006998199  0.008549495
    5    5   -3  0.006998199  0.008549495
    0    0    8  0.014509917  0.001717263
    0    0   -8  0.014509917  0.001717263
   -3   -3    7  0.007955569 -0.006028594
    3    3    7  0.007955569 -0.006028594
    3    3   -7  0.006172615  0.007585541
   -3   -3   -7  0.006172615  0.007585541
    4    4    6  0.000257664 -0.000110846
    4    4   -6  0.000257664 -0.000110846
   -4   -4   -6  0.000257664 -0.000110846
   -4   -4    6  0.000257664 -0.000110846
   -2   -2    8  0.012896775  0.001594453
    2    2   -8  0.012896775  0.001594453
   -2   -2   -8  0.012896775  0.001594453
    2    2    8  0.012896775  0.001594453
   -6   -6    0  0.012896775  0.001594453
    6    6    0  0.012896775  0.001594453
    5    5   -5  0.007134118 -0.005322675
   -5   -5   -5  0.007134118 -0.005322675
    5    5    5  0.005486501  0.006777185
   -5   -5    5  0.005486501  0.006777185
   -6   -6   -2  0.000260572 -0.000094622
    6    6    2  0.000260572 -0.000094622
    6    6   -2  0.000260572 -0.000094622
   -6   -6    2  0.000260572 -0.000094622
    1    1    9  0.004908510  0.006089326
    1    1   -9  0.006432178 -0.004729299
   -1   -1   -9  0.006432178 -0.004729299
   -1   -1    9  0.004908510  0.006089326
    6    6   -4  0.010374634  0.001378045
   -6   -6   -4  0.010374634  0.001378045
    6    6    4  0.010374634  0.001378045
   -6   -6    4  0.010374634  0.001378045
   -4   -4   -8  0.009373046  0.001282461
   -4   -4    8  0.009373046  0.001282461
    4    4   -8  0.009373046  0.001282461
    4    4    8  0.009373046  0.001282461
   -5   -5   -7  0.003993137  0.004982607
    5    5   -7  0.003993137  0.004982607
   -5   -5    7  0.005298432 -0.003790815
    5    5    7  0.005298432 -0.003790815
    7    7    1  0.003993137  0.004982607
   -7   -7    1  0.003993137  0.004982607
    3    3    9  0.003993137  0.004982607
   -3   -3   -9  0.005298432 -0.003790815
    7    7   -1  0.005298432 -0.003790815
    3    3   -9  0.005298432 -0.003790815
   -3   -3    9  0.003993137  0.004982607
   -7   -7   -1  0.005298432 -0.003790815
    0    0   10  0.000258890 -0.000055357
    0    0  -10  0.000258890 -0.000055357
    7    7   -3  0.003626611  0.004531920
    7    7    3  0.004835560 -0.003415187
   -7   -7    3  0.004835560 -0.003415187
   -7   -7   -3  0.003626611  0.004531920
   -2   -2  -10  0.000257331 -0.000044857
   -2   -2   10  0.000257331 -0.000044857
    2    2   10  0.000257331 -0.000044857
    2    2  -10  0.000257331 -0.000044857
    6    6    6  0.000257331 -0.000044857
   -6   -6    6  0.000257331 -0.000044857
    6    6   -6  0.000257331 -0.000044857
   -6   -6   -6  0.000257331 -0.000044857
   -7   -7    5  0.003026349  0.003782226
   -7   -7   -5  0.004064381 -0.002800165
    1    1   11  0.004064381 -0.002800165
    1    1  -11  0.003026349  0.003782226
   -1   -1   11  0.004064381 -0.002800165
    7    7   -5  0.004064381 -0.002800165
    7    7    5  0.003026349  0.003782226
   -1   -1  -11  0.003026349  0.003782226
    8    8    0  0.006473035  0.000966843
   -8   -8    0  0.006473035  0.000966843
    5    5   -9  0.003740941 -0.002546691
    5    5    9  0.002778769  0.003468257
   -5   -5   -9  0.003740941 -0.002546691
   -5   -5    9  0.002778769  0.003468257
   -4   -4  -10  0.000252150 -0.000019401
    4    4  -10  0.000252150 -0.000019401
    4    4   10  0.000252150 -0.000019401
   -4   -4   10  0.000252150 -0.000019401
   -8   -8   -2  0.000252150 -0.000019401
    8    8   -2  0.000252150 -0.000019401
    8    8    2  0.000252150 -0.000019401
   -8   -8    2  0.000252150 -0.000019401
    6    6    8  0.005943512  0.000901750
    6    6   -8  0.005943512  0.000901750
   -6   -6    8  0.005943512  0.000901750
   -6   -6   -8  0.005943512  0.000901750
    3    3  -11  0.002559196  0.003187256
    3    3   11  0.003451167 -0.002322134
   -3   -3   11  0.003451167 -0.002322134
   -3   -3  -11  0.002559196  0.003187256
    8    8   -4  0.005470214  0.000841255
    0    0  -12  0.005470214  0.000841255
    8    8    4  0.005470214  0.000841255
    0    0   12  0.005470214  0.000841255
   -8   -8    4  0.005470214  0.000841255
   -8   -8   -4  0.005470214  0.000841255
   -7   -7   -7  0.002363564  0.002934787
    7    7    7  0.003190514 -0.002122385
   -7   -7    7  0.003190514 -0.002122385
    7    7   -7  0.002363564  0.002934787
    2    2  -12  0.005045525  0.000784979
    2    2   12  0.005045525  0.000784979
   -2   -2   12  0.005045525  0.000784979
   -2   -2  -12  0.005045525  0.000784979
    9    9    1  0.002031283  0.002501302
   -9   -9   -1  0.002742046 -0.001784325
    9    9   -1  0.002742046 -0.001784325
   -9   -9    1  0.002031283  0.002501302
   -8   -8   -6  0.000243537  0.000003679
   -8   -8    6  0.000243537  0.000003679
    8    8    6  0.000243537  0.000003679
    8    8   -6  0.000243537  0.000003679
    5    5  -11  0.001889521  0.002314587
   -5   -5  -11  0.001889521  0.002314587
   -5   -5   11  0.002548381 -0.001640822
   -1   -1   13  0.001889521  0.002314587
    1    1  -13  0.002548381 -0.001640822
    5    5   11  0.002548381 -0.001640822
   -1   -1  -13  0.002548381 -0.001640822
    1    1   13  0.001889521  0.002314587
    9    9    3  0.002548381 -0.001640822
    9    9   -3  0.001889521  0.002314587
   -9   -9   -3  0.001889521  0.002314587
   -9   -9    3  0.002548381 -0.001640822
    6    6  -10  0.000240906  0.000007960
   -6   -6  -10  0.000240906  0.000007960
    6    6   10  0.000240906  0.000007960
   -6   -6   10  0.000240906  0.000007960
    4    4   12  0.004004593  0.000638229
   -4   -4  -12  0.004004593  0.000638229
    4    4  -12  0.004004593  0.000638229
   -4   -4   12  0.004004593  0.000638229
    7    7   -9  0.002371926 -0.001511543
    7    7    9  0.001761275  0.002144798
   -7   -7   -9  0.002371926 -0.001511543
   -7   -7    9  0.001761275  0.002144798
    3    3   13  0.001644885  0.001990032
   -3   -3   13  0.001644885  0.001990032
   -3   -3  -13  0.002210733 -0.001394781
    3    3  -13  0.002210733 -0.001394781
   -9   -9    5  0.001644885  0.001990032
    9    9   -5  0.002210733 -0.001394781
    9    9    5  0.001644885  0.001990032
   -9   -9   -5  0.002210733 -0.001394781
   -8   -8    8  0.003461103  0.000556074
   -8   -8   -8  0.003461103  0.000556074
    8    8   -8  0.003461103  0.000556074
    8    8    8  0.003461103  0.000556074
    0    0   14  0.000231754  0.000018037
    0    0  -14  0.000231754  0.000018037
   10   10    0  0.003224553  0.000519011
  -10  -10    0  0.003224553  0.000519011
   10   10    2  0.000228309  0.000020609
   10   10   -2  0.000228309  0.000020609
  -10  -10   -2  0.000228309  0.000020609
  -10  -10    2  0.000228309  0.000020609
    2    2  -14  0.000228309  0.000020609
   -2   -2   14  0.000228309  0.000020609
    2    2   14  0.000228309  0.000020609
   -2   -2  -14  0.000228309  0.000020609
   -9   -9    7  0.001803092 -0.001105980
    9    9    7  0.001803092 -0.001105980
   -9   -9   -7  0.001353716  0.001600524
    9    9   -7  0.001353716  0.001600524
  -10  -10   -4  0.002809602  0.000451963
   10   10   -4  0.002809602  0.000451963
  -10  -10    4  0.002809602  0.000451963
   10   10    4  0.002809602  0.000451963
    6    6   12  0.002809602  0.000451963
    6    6  -12  0.002809602  0.000451963
   -6   -6  -12  0.002809602  0.000451963
   -6   -6   12  0.002809602  0.000451963
    5    5  -13  0.001688309 -0.001026556
   -5   -5   13  0.001272504  0.001491465
    5    5   13  0.001272504  0.001491465
   -5   -5  -13  0.001688309 -0.001026556
    7    7   11  0.001688309 -0.001026556
    7    7  -11  0.001272504  0.001491465
   -7   -7   11  0.001688309 -0.001026556
   -7   -7  -11  0.001272504  0.001491465
    1    1   15  0.001582358 -0.000954075
    1    1  -15  0.001197816  0.001391099
   -1   -1  -15  0.001197816  0.001391099
   -1   -1   15  0.001582358 -0.000954075
   -8   -8  -10  0.000217004  0.000026434
   -4   -4  -14  0.000217004  0.000026434
    4    4  -14  0.000217004  0.000026434
   -4   -4   14  0.000217004  0.000026434
    8    8   10  0.000217004  0.000026434
    4    4   14  0.000217004  0.000026434
    8    8  -10  0.000217004  0.000026434
   -8   -8   10  0.000217004  0.000026434
  -10  -10   -6  0.000212974  0.000027837
  -10  -10    6  0.000212974  0.000027837
   10   10   -6  0.000212974  0.000027837
   10   10    6  0.000212974  0.000027837
   -3   -3   15  0.001393680 -0.000827151
    3    3   15  0.001393680 -0.000827151
    3    3  -15  0.001065394  0.001213190
   -3   -3  -15  0.001065394  0.001213190
   -9   -9    9  0.001065394  0.001213190
    9    9   -9  0.001393680 -0.000827151
  -11  -11   -1  0.001393680 -0.000827151
   11   11   -1  0.001393680 -0.000827151
   -9   -9   -9  0.001393680 -0.000827151
    9    9    9  0.001065394  0.001213190
  -11  -11    1  0.001065394  0.001213190
   11   11    1  0.001065394  0.001213190
   11   11   -3  0.001006552  0.001134253
  -11  -11    3  0.001309549 -0.000771515
  -11  -11   -3  0.001006552  0.001134253
   11   11    3  0.001309549 -0.000771515
    0    0   16  0.002029520  0.000318465
    0    0  -16  0.002029520  0.000318465
  -10  -10    8  0.001907082  0.000296598
   10   10    8  0.001907082  0.000296598
  -10  -10   -8  0.001907082  0.000296598
   10   10   -8  0.001907082  0.000296598
   -2   -2   16  0.001907082  0.000296598
    2    2  -16  0.001907082  0.000296598
    2    2   16  0.001907082  0.000296598
   -2   -2  -16  0.001907082  0.000296598
  -11  -11    5  0.000901318  0.000993484
   -7   -7  -13  0.001158770 -0.000673427
   11   11   -5  0.001158770 -0.000673427
    7    7   13  0.000901318  0.000993484
   -7   -7   13  0.000901318  0.000993484
   11   11    5  0.000901318  0.000993484
    7    7  -13  0.001158770 -0.000673427
  -11  -11   -5  0.001158770 -0.000673427
   -6   -6   14  0.000196047  0.000031370
    6    6   14  0.000196047  0.000031370
   -6   -6  -14  0.000196047  0.000031370
    6    6  -14  0.000196047  0.000031370
   -8   -8  -12  0.001793519  0.000276096
   -8   -8   12  0.001793519  0.000276096
    8    8   12  0.001793519  0.000276096
    8    8  -12  0.001793519  0.000276096
    5    5   15  0.001091133 -0.000630149
   -5   -5   15  0.001091133 -0.000630149
   -5   -5  -15  0.000854169  0.000930667
    5    5  -15  0.000854169  0.000930667
   -9   -9  -11  0.000810231  0.000872321
    9    9  -11  0.000810231  0.000872321
   -9   -9   11  0.001028090 -0.000590240
    9    9   11  0.001028090 -0.000590240
   -4   -4  -16  0.001589978  0.000238833
    4    4   16  0.001589978  0.000238833
  -12  -12    0  0.001589978  0.000238833
    4    4  -16  0.001589978  0.000238833
   12   12    0  0.001589978  0.000238833
   -4   -4   16  0.001589978  0.000238833
    1    1   17  0.000769222  0.000818072
   -1   -1   17  0.000769222  0.000818072
   -1   -1  -17  0.000969267 -0.000553394
    1    1  -17  0.000969267 -0.000553394
   11   11    7  0.000969267 -0.000553394
  -11  -11   -7  0.000769222  0.000818072
  -11  -11    7  0.000969267 -0.000553394
   11   11   -7  0.000769222  0.000818072
   12   12   -2  0.000182966  0.000032334
   12   12    2  0.000182966  0.000032334
  -12  -12    2  0.000182966  0.000032334
  -12  -12   -2  0.000182966  0.000032334
   10   10   10  0.000178606  0.000032413
  -10  -10  -10  0.000178606  0.000032413
  -10  -10   10  0.000178606  0.000032413
   10   10  -10  0.000178606  0.000032413
  -12  -12   -4  0.001413582  0.000206035
   12   12    4  0.001413582  0.000206035
   12   12   -4  0.001413582  0.000206035
  -12  -12    4  0.001413582  0.000206035
    3    3  -17  0.000862957 -0.000487813
    3    3   17  0.000695017  0.000720547
   -3   -3   17  0.000695017  0.000720547
   -3   -3  -17  0.000862957 -0.000487813
   -7   -7   15  0.000769866 -0.000431526
    7    7  -15  0.000629844  0.000635763
    7    7   15  0.000769866 -0.000431526
   -7   -7  -15  0.000629844  0.000635763
  -11  -11   -9  0.000769866 -0.000431526
   11   11   -9  0.000769866 -0.000431526
  -11  -11    9  0.000629844  0.000635763
   11   11    9  0.000629844  0.000635763
   12   12   -6  0.000165678  0.000032079
  -12  -12    6  0.000165678  0.000032079
  -12  -12   -6  0.000165678  0.000032079
   12   12    6  0.000165678  0.000032079
    0    0   18  0.000165678  0.000032079
    0    0  -18  0.000165678  0.000032079
   -8   -8   14  0.000165678  0.000032079
   -8   -8  -14  0.000165678  0.000032079
    8    8  -14  0.000165678  0.000032079
    8    8   14  0.000165678  0.000032079
   -6   -6   16  0.001190720  0.000164023
    6    6   16  0.001190720  0.000164023
   -6   -6  -16  0.001190720  0.000164023
    6    6  -16  0.001190720  0.000164023
    9    9   13  0.000600202  0.000597539
    9    9  -13  0.000727664 -0.000406381
   -9   -9  -13  0.000727664 -0.000406381
   -9   -9   13  0.000600202  0.000597539
    2    2  -18  0.000161447  0.000031810
   -2   -2  -18  0.000161447  0.000031810
    2    2   18  0.000161447  0.000031810
   -2   -2   18  0.000161447  0.000031810
   13   13   -1  0.000688075 -0.000383012
   13   13    1  0.000572320  0.000561811
  -13  -13    1  0.000572320  0.000561811
  -13  -13   -1  0.000688075 -0.000383012
    5    5   17  0.000572320  0.000561811
    5    5  -17  0.000688075 -0.000383012
   -5   -5   17  0.000572320  0.000561811
   -5   -5  -17  0.000688075 -0.000383012
   10   10   12  0.001065105  0.000140132
  -10  -10  -12  0.001065105  0.000140132
   10   10  -12  0.001065105  0.000140132
  -10  -10   12  0.001065105  0.000140132
   13   13   -3  0.000546066  0.000528392
   13   13    3  0.000650907 -0.000361275
  -13  -13   -3  0.000546066  0.000528392
  -13  -13    3  0.000650907 -0.000361275
   12   12    8  0.001008159  0.000129272
   12   12   -8  0.001008159  0.000129272
  -12  -12    8  0.001008159  0.000129272
  -12  -12   -8  0.001008159  0.000129272
    4    4   18  0.000149077  0.000030645
   -4   -4   18  0.000149077  0.000030645
   -4   -4  -18  0.000149077  0.000030645
    4    4  -18  0.000149077  0.000030645
   -1   -1   19  0.000583164 -0.000322172
   -1   -1  -19  0.000497968  0.000467812
    1    1  -19  0.000497968  0.000467812
    1    1   19  0.000583164 -0.000322172
   13   13    5  0.000497968  0.000467812
  -13  -13    5  0.000497968  0.000467812
   13   13   -5  0.000583164 -0.000322172
  -13  -13   -5  0.000583164 -0.000322172
  -11  -11  -11  0.000497968  0.000467812
   11   11  -11  0.000497968  0.000467812
  -11  -11   11  0.000583164 -0.000322172
   11   11   11  0.000583164 -0.000322172
    3    3  -19  0.000455066  0.000414601
    3    3   19  0.000523216 -0.000288153
   -3   -3   19  0.000523216 -0.000288153
   -3   -3  -19  0.000455066  0.000414601
   -8   -8  -16  0.000813143  0.000092091
    8    8  -16  0.000813143  0.000092091
    8    8   16  0.000813143  0.000092091
   -8   -8   16  0.000813143  0.000092091
  -13  -13   -7  0.000435340  0.000390437
   -7   -7   17  0.000435340  0.000390437
    7    7  -17  0.000495839 -0.000272807
   13   13   -7  0.000435340  0.000390437
    9    9   15  0.000495839 -0.000272807
   -9   -9  -15  0.000435340  0.000390437
  -13  -13    7  0.000495839 -0.000272807
   -7   -7  -17  0.000495839 -0.000272807
    7    7   17  0.000435340  0.000390437
   -9   -9   15  0.000495839 -0.000272807
   13   13    7  0.000495839 -0.000272807
    9    9  -15  0.000435340  0.000390437
  -12  -12  -10  0.000133498  0.000028490
  -12  -12   10  0.000133498  0.000028490
   12   12  -10  0.000133498  0.000028490
   12   12   10  0.000133498  0.000028490
  -14  -14    0  0.000771451  0.000084177
   14   14    0  0.000771451  0.000084177
  -10  -10  -14  0.000129785  0.000027879
   10   10  -14  0.000129785  0.000027879
   10   10   14  0.000129785  0.000027879
  -10  -10   14  0.000129785  0.000027879
  -14  -14    2  0.000129785  0.000027879
    6    6  -18  0.000129785  0.000027879
   14   14    2  0.000129785  0.000027879
   -6   -6   18  0.000129785  0.000027879
   -6   -6  -18  0.000129785  0.000027879
    6    6   18  0.000129785  0.000027879
   14   14   -2  0.000129785  0.000027879
  -14  -14   -2  0.000129785  0.000027879
    0    0  -20  0.000732197  0.000076751
    0    0   20  0.000732197  0.000076751
    2    2  -20  0.000695214  0.000069783
   -2   -2  -20  0.000695214  0.000069783
   -2   -2   20  0.000695214  0.000069783
    2    2   20  0.000695214  0.000069783
   14   14    4  0.000695214  0.000069783
  -14  -14    4  0.000695214  0.000069783
   14   14   -4  0.000695214  0.000069783
  -14  -14   -4  0.000695214  0.000069783
    5    5  -19  0.000382163  0.000326416
    5    5   19  0.000422766 -0.000232454
   -5   -5  -19  0.000382163  0.000326416
   -5   -5   19  0.000422766 -0.000232454
  -11  -11  -13  0.000422766 -0.000232454
  -11  -11   13  0.000382163  0.000326416
   11   11  -13  0.000422766 -0.000232454
   11   11   13  0.000382163  0.000326416
   13   13    9  0.000366225  0.000307587
  -13  -13    9  0.000366225  0.000307587
   13   13   -9  0.000401106 -0.000220667
  -13  -13   -9  0.000401106 -0.000220667
   14   14   -6  0.000115704  0.000025262
  -14  -14   -6  0.000115704  0.000025262
   14   14    6  0.000115704  0.000025262
  -14  -14    6  0.000115704  0.000025262
    4    4   20  0.000596425  0.000051366
   -4   -4   20  0.000596425  0.000051366
    4    4  -20  0.000596425  0.000051366
   -4   -4  -20  0.000596425  0.000051366
   12   12  -12  0.000596425  0.000051366
  -12  -12  -12  0.000596425  0.000051366
  -12  -12   12  0.000596425  0.000051366
   12   12   12  0.000596425  0.000051366
  -15  -15    1  0.000309981  0.000242741
  -15  -15   -1  0.000325806 -0.000180337
   15   15    1  0.000309981  0.000242741
   15   15   -1  0.000325806 -0.000180337
   -9   -9  -17  0.000325806 -0.000180337
    9    9  -17  0.000325806 -0.000180337
    9    9   17  0.000309981  0.000242741
   -9   -9   17  0.000309981  0.000242741
    8    8  -18  0.000105963  0.000023203
   -8   -8   18  0.000105963  0.000023203
   -8   -8  -18  0.000105963  0.000023203
    8    8   18  0.000105963  0.000023203
   10   10   16  0.000513244  0.000036194
  -14  -14   -8  0.000513244  0.000036194
