  0.000000000  0.000000000
  0.000000000  0.000000000
  0.433588833
  1.000000000  1.000000000
  1.000000000  1.673726652
  1.995143744
 -1.000000000 -1.000000000
  1.000000000  1.673726652
  1.995143744
 -1.000000000 -1.000000000
 -1.000000000  1.673726652
 -1.735716113
  1.000000000  1.000000000
 -1.000000000  1.673726652
 -1.735716113
  0.000000000  0.000000000
  2.000000000 -0.207047905
 -0.030442544
  0.000000000  0.000000000
 -2.000000000 -0.207047905
 -0.030442544
 -2.000000000 -2.000000000
  0.000000000  2.767986519
  0.411653448
  2.000000000  2.000000000
  0.000000000  2.767986519
  0.411653448
  1.000000000  1.000000000
  3.000000000  0.919603722
 -0.922845214
 -1.000000000 -1.000000000
  3.000000000  0.919603722
 -0.922845214
 -1.000000000 -1.000000000
 -3.000000000  0.919603722
  1.065383791
  1.000000000  1.000000000
 -3.000000000  0.919603722
  1.065383791
 -2.000000000 -2.000000000
  2.000000000 -0.065816460
 -0.005100776
 -2.000000000 -2.000000000
 -2.000000000 -0.065816460
 -0.005100776
  2.000000000  2.000000000
 -2.000000000 -0.065816460
 -0.005100776
  2.000000000  2.000000000
  2.000000000 -0.065816460
 -0.005100776
  0.000000000  0.000000000
 -4.000000000  1.726141712
  0.254151348
  0.000000000  0.000000000
  4.000000000  1.726141712
  0.254151348
 -3.000000000 -3.000000000
  1.000000000  0.659678074
  0.741443614
  3.000000000  3.000000000
  1.000000000  0.659678074
  0.741443614
  3.000000000  3.000000000
 -1.000000000  0.659678074
 -0.639193513
 -3.000000000 -3.000000000
 -1.000000000  0.659678074
 -0.639193513
 -2.000000000 -2.000000000
  4.000000000  1.090110148
  0.172397687
  2.000000000  2.000000000
 -4.000000000  1.090110148
  0.172397687
 -2.000000000 -2.000000000
 -4.000000000  1.090110148
  0.172397687
  2.000000000  2.000000000
  4.000000000  1.090110148
  0.172397687
 -3.000000000 -3.000000000
 -3.000000000  0.514130731
  0.570540435
 -1.000000000 -1.000000000
 -5.000000000  0.514130731
 -0.490850172
  1.000000000  1.000000000
  5.000000000  0.514130731
  0.570540435
 -1.000000000 -1.000000000
  5.000000000  0.514130731
  0.570540435
  3.000000000  3.000000000
 -3.000000000  0.514130731
  0.570540435
  1.000000000  1.000000000
 -5.000000000  0.514130731
 -0.490850172
  3.000000000  3.000000000
  3.000000000  0.514130731
 -0.490850172
 -3.000000000 -3.000000000
  3.000000000  0.514130731
 -0.490850172
 -4.000000000 -4.000000000
  0.000000000  0.790101080
  0.130636773
  4.000000000  4.000000000
  0.000000000  0.790101080
  0.130636773
 -4.000000000 -4.000000000
 -2.000000000 -0.010968013
 -0.000850021
  4.000000000  4.000000000
 -2.000000000 -0.010968013
 -0.000850021
 -4.000000000 -4.000000000
  2.000000000 -0.010968013
 -0.000850021
  4.000000000  4.000000000
  2.000000000 -0.010968013
 -0.000850021
  0.000000000  0.000000000
 -6.000000000 -0.010968013
 -0.000850021
  0.000000000  0.000000000
  6.000000000 -0.010968013
 -0.000850021
  3.000000000  3.000000000
  5.000000000  0.345554689
  0.381454083
 -3.000000000 -3.000000000
 -5.000000000  0.345554689
 -0.327893106
 -3.000000000 -3.000000000
  5.000000000  0.345554689
  0.381454083
  3.000000000  3.000000000
 -5.000000000  0.345554689
 -0.327893106
  2.000000000  2.000000000
  6.000000000 -0.008940325
 -0.000692875
 -2.000000000 -2.000000000
 -6.000000000 -0.008940325
 -0.000692875
 -2.000000000 -2.000000000
  6.000000000 -0.008940325
 -0.000692875
  2.000000000  2.000000000
 -6.000000000 -0.008940325
 -0.000692875
 -4.000000000 -4.000000000
  4.000000000  0.528627218
  0.091329302
  4.000000000  4.000000000
 -4.000000000  0.528627218
  0.091329302
  4.000000000  4.000000000
  4.000000000  0.528627218
  0.091329302
 -4.000000000 -4.000000000
 -4.000000000  0.528627218
  0.091329302
 -5.000000000 -5.000000000
 -1.000000000  0.290962322
 -0.276447331
  5.000000000  5.000000000
  1.000000000  0.290962322
  0.321546491
 -5.000000000 -5.000000000
  1.000000000  0.290962322
  0.321546491
  5.000000000  5.000000000
 -1.000000000  0.290962322
 -0.276447331
 -1.000000000 -1.000000000
 -7.000000000  0.290962322
  0.321546491
 -1.000000000 -1.000000000
  7.000000000  0.290962322
 -0.276447331
  1.000000000  1.000000000
 -7.000000000  0.290962322
  0.321546491
  1.000000000  1.000000000
  7.000000000  0.290962322
 -0.276447331
  5.000000000  5.000000000
 -3.000000000  0.247739674
  0.274370131
 -5.000000000 -5.000000000
 -3.000000000  0.247739674
  0.274370131
  5.000000000  5.000000000
  3.000000000  0.247739674
 -0.235970481
 -5.000000000 -5.000000000
  3.000000000  0.247739674
 -0.235970481
  0.000000000  0.000000000
  8.000000000  0.496310121
  0.075572408
  0.000000000  0.000000000
 -8.000000000  0.496310121
  0.075572408
 -3.000000000 -3.000000000
 -7.000000000  0.212772300
  0.236287298
 -3.000000000 -3.000000000
  7.000000000  0.212772300
 -0.203307592
  3.000000000  3.000000000
  7.000000000  0.212772300
 -0.203307592
  3.000000000  3.000000000
 -7.000000000  0.212772300
  0.236287298
 -4.000000000 -4.000000000
 -6.000000000 -0.006981120
 -0.000541037
  4.000000000  4.000000000
  6.000000000 -0.006981120
 -0.000541037
 -4.000000000 -4.000000000
  6.000000000 -0.006981120
 -0.000541037
  4.000000000  4.000000000
 -6.000000000 -0.006981120
 -0.000541037
 -2.000000000 -2.000000000
 -8.000000000  0.296067430
  0.052205916
 -2.000000000 -2.000000000
  8.000000000  0.296067430
  0.052205916
  2.000000000  2.000000000
  8.000000000  0.296067430
  0.052205916
  2.000000000  2.000000000
 -8.000000000  0.296067430
  0.052205916
  6.000000000  6.000000000
  0.000000000  0.296067430
  0.052205916
 -6.000000000 -6.000000000
  0.000000000  0.296067430
  0.052205916
 -5.000000000 -5.000000000
  5.000000000  0.184030986
  0.204984589
 -5.000000000 -5.000000000
 -5.000000000  0.184030986
 -0.176459786
  5.000000000  5.000000000
  5.000000000  0.184030986
  0.204984589
  5.000000000  5.000000000
 -5.000000000  0.184030986
 -0.176459786
  6.000000000  6.000000000
 -2.000000000 -0.006651216
 -0.000515469
 -6.000000000 -6.000000000
 -2.000000000 -0.006651216
 -0.000515469
 -6.000000000 -6.000000000
  2.000000000 -0.006651216
 -0.000515469
  6.000000000  6.000000000
  2.000000000 -0.006651216
 -0.000515469
 -1.000000000 -1.000000000
  9.000000000  0.160114941
  0.178896382
  1.000000000  1.000000000
 -9.000000000  0.160114941
 -0.154078566
  1.000000000  1.000000000
  9.000000000  0.160114941
  0.178896382
 -1.000000000 -1.000000000
 -9.000000000  0.160114941
 -0.154078566
  6.000000000  6.000000000
  4.000000000  0.291744607
  0.045409946
 -6.000000000 -6.000000000
 -4.000000000  0.291744607
  0.045409946
  6.000000000  6.000000000
 -4.000000000  0.291744607
  0.045409946
 -6.000000000 -6.000000000
  4.000000000  0.291744607
  0.045409946
  4.000000000  4.000000000
  8.000000000  0.287303351
  0.042795293
 -4.000000000 -4.000000000
  8.000000000  0.287303351
  0.042795293
 -4.000000000 -4.000000000
 -8.000000000  0.287303351
  0.042795293
  4.000000000  4.000000000
 -8.000000000  0.287303351
  0.042795293
 -3.000000000 -3.000000000
 -9.000000000  0.122983610
 -0.119162229
  3.000000000  3.000000000
  9.000000000  0.122983610
  0.138224688
 -3.000000000 -3.000000000
  9.000000000  0.122983610
  0.138224688
  3.000000000  3.000000000
 -9.000000000  0.122983610
 -0.119162229
  7.000000000  7.000000000
  1.000000000  0.122983610
  0.138224688
  7.000000000  7.000000000
 -1.000000000  0.122983610
 -0.119162229
  5.000000000  5.000000000
  7.000000000  0.122983610
 -0.119162229
 -7.000000000 -7.000000000
 -1.000000000  0.122983610
 -0.119162229
 -5.000000000 -5.000000000
  7.000000000  0.122983610
 -0.119162229
 -5.000000000 -5.000000000
 -7.000000000  0.122983610
  0.138224688
