 2.551  0.190  1.836  0.125  1.175  0.088  0.915  0.070  0.525  0.046  0.480  0.035  0.355  0.031  0.307  0.024  0.261  0.021 -0.169 -0.014  0.206
 2.626  0.182  1.786  0.125  1.194  0.085  0.973  0.073  0.494  0.046  0.500  0.035  0.357  0.031  0.314  0.023  0.276  0.020 -0.165 -0.013  0.207
 2.499  0.185  1.803  0.124  1.219  0.081  0.910  0.074  0.501  0.047  0.467  0.035  0.355  0.030  0.291  0.023  0.274  0.021 -0.166 -0.014  0.207
 2.551  0.184  1.809  0.122  1.238  0.087  0.920  0.072  0.525  0.047  0.483  0.034  0.358  0.030  0.318  0.024  0.292  0.021 -0.177 -0.013  0.206
 2.576  0.185  1.764  0.121  1.195  0.089  0.956  0.072  0.494  0.047  0.483  0.035  0.392  0.030  0.306  0.024  0.263  0.021 -0.175 -0.014  0.207
 2.619  0.185  1.801  0.122  1.125  0.090  0.894  0.075  0.510  0.047  0.468  0.035  0.323  0.032  0.320  0.024  0.289  0.021 -0.181 -0.013  0.207
 2.558  0.179  1.758  0.118  1.173  0.086  0.942  0.075  0.535  0.047  0.481  0.035  0.358  0.031  0.315  0.023  0.277  0.021 -0.171 -0.014  0.207
 2.643  0.183  1.802  0.121  1.194  0.086  0.964  0.074  0.492  0.047  0.490  0.034  0.366  0.031  0.307  0.024  0.273  0.020 -0.174 -0.013  0.207
 2.671  0.184  1.860  0.120  1.184  0.085  0.939  0.075  0.495  0.045  0.509  0.034  0.333  0.033  0.322  0.023  0.282  0.021 -0.169 -0.014  0.207
 2.551  0.180  1.753  0.119  1.227  0.086  0.935  0.072  0.528  0.047  0.467  0.033  0.369  0.032  0.313  0.023  0.291  0.021 -0.170 -0.013  0.207
 2.573  0.178  1.784  0.122  1.228  0.086  0.960  0.075  0.522  0.045  0.483  0.034  0.359  0.031  0.310  0.024  0.283  0.021 -0.169 -0.013  0.207
 2.520  0.180  1.731  0.121  1.203  0.083  0.985  0.074  0.526  0.047  0.497  0.034  0.364  0.030  0.312  0.023  0.275  0.021 -0.170 -0.013  0.208
 2.557  0.176  1.827  0.111  1.241  0.084  0.968  0.068  0.519  0.045  0.453  0.034  0.365  0.030  0.319  0.023  0.296  0.022 -0.160 -0.014  0.207
 2.538  0.187  1.899  0.122  1.234  0.085  0.927  0.075  0.504  0.048  0.481  0.034  0.346  0.030  0.306  0.023  0.289  0.022 -0.171 -0.013  0.206
 2.641  0.184  1.884  0.123  1.189  0.085  0.941  0.075  0.504  0.047  0.508  0.034  0.343  0.032  0.318  0.023  0.278  0.021 -0.173 -0.013  0.207
 2.503  0.194  1.826  0.123  1.171  0.086  0.920  0.070  0.524  0.049  0.478  0.036  0.356  0.030  0.305  0.023  0.269  0.020 -0.176 -0.014  0.206
 2.480  0.186  1.810  0.120  1.211  0.088  0.905  0.072  0.533  0.048  0.476  0.035  0.361  0.031  0.304  0.024  0.279  0.021 -0.173 -0.014  0.206
 2.592  0.191  1.830  0.116  1.182  0.089  0.966  0.073  0.549  0.046  0.496  0.033  0.355  0.030  0.313  0.023  0.277  0.021 -0.175 -0.013  0.206
 2.659  0.181  1.816  0.123  1.172  0.084  0.945  0.074  0.517  0.045  0.515  0.036  0.331  0.032  0.304  0.024  0.288  0.022 -0.169 -0.013  0.206
 2.674  0.189  1.823  0.127  1.184  0.081  0.948  0.075  0.524  0.046  0.496  0.034  0.353  0.030  0.323  0.023  0.293  0.021 -0.176 -0.013  0.207
 2.554  0.181  1.773  0.121  1.167  0.087  0.923  0.073  0.525  0.046  0.490  0.035  0.363  0.031  0.310  0.024  0.279  0.021 -0.172 -0.013  0.206
 0.024  0.211    81   79
