    1   0.172764492   0.000000000   0.690000007   0.629999995
    2   0.172711694   0.000000000   0.690000007   0.639999995
    3   0.172506607   0.000000000   0.650464181   0.646841463
    4   0.172430452   0.000000000   0.620928356   0.663682930
    5   0.172386704   0.000000000   0.610461302   0.669651293
    6   0.172438505   0.000000000   0.617961302   0.669651293
    7   0.172472837   0.000000000   0.617961302   0.677151293
    8   0.172256547   0.000000000   0.591379423   0.657004586
    9   0.172063306   0.000000000   0.572297543   0.644357878
   10   0.171925414   0.000000000   0.548711042   0.628725687
   11   0.171564192   0.000000000   0.510547282   0.603432270
   12   0.171277970   0.000000000   0.448797020   0.562506662
   13   0.170963612   0.000000000   0.375512467   0.513936586
   14   0.171009281   0.000000000   0.381137467   0.513936586
   15   0.170983684   0.000000000   0.381137467   0.519561586
   16   0.170485100   0.000000000   0.366299587   0.519100273
   17   0.170449378   0.000000000   0.357086708   0.524263960
   18   0.170476132   0.000000000   0.360949888   0.522098702
   19   0.170449525   0.000000000   0.361305458   0.524263960
   20   0.170961447   0.000000000   0.361305458   0.528482710
   21   0.170440923   0.000000000   0.357477671   0.516741815
   22   0.170431720   0.000000000   0.357868634   0.509219671
   23   0.170566599   0.000000000   0.358351891   0.499921788
   24   0.170446035   0.000000000   0.357525389   0.515823720
   25   0.170438560   0.000000000   0.361032697   0.509219671
   26   0.170455131   0.000000000   0.361032697   0.512383733
   27   0.170470775   0.000000000   0.360196658   0.504058862
   28   0.170453803   0.000000000   0.355540610   0.514380479
   29   0.170432155   0.000000000   0.357452337   0.510142527
   30   0.170432586   0.000000000   0.360241681   0.509219671
   31   0.170434627   0.000000000   0.360241681   0.511592717
   32   0.170486744   0.000000000   0.356989430   0.505065495
   33   0.170450547   0.000000000   0.358747839   0.513373846
   34   0.170437534   0.000000000   0.358086666   0.510249852
   35   0.170436989   0.000000000   0.359648419   0.509219671
   36   0.170434589   0.000000000   0.359648419   0.510999456
   37   0.170438228   0.000000000   0.358574320   0.512325147
   38   0.170465068   0.000000000   0.357162949   0.506114195
   39   0.170437489   0.000000000   0.358146209   0.510441179
   40   0.170435998   0.000000000   0.359203473   0.509219671
   41   0.170441259   0.000000000   0.359203473   0.510554509
   42   0.170443374   0.000000000   0.358519696   0.506921633
   43   0.170434426   0.000000000   0.357217573   0.511517709
   44   0.170435246   0.000000000   0.357366718   0.510991274
   45   0.170435257   0.000000000   0.358869763   0.509219671
   46   0.170463107   0.000000000   0.358869763   0.510220800
   47   0.170438709   0.000000000   0.357867895   0.507428307
   48   0.170436346   0.000000000   0.357869374   0.511011034
   49   0.170430639   0.000000000   0.357868826   0.509683480
   50   0.170430639   0.000000000   0.357868826   0.509683480
    1   0.172764492   0.000000000   0.690000007   0.629999995
    2   0.172711694   0.000000000   0.690000007   0.639999995
    3   0.172506607   0.000000000   0.650464181   0.646841463
    4   0.172430452   0.000000000   0.620928356   0.663682930
    5   0.172386704   0.000000000   0.610461302   0.669651293
    6   0.172438505   0.000000000   0.617961302   0.669651293
    7   0.172472837   0.000000000   0.617961302   0.677151293
