    0    0    0  0.000000000  0.003617814
   -1   -1   -1  0.044652290 -0.046017261
   -1   -1    1  0.040925032  0.049230384
    1    1   -1  0.044652290 -0.046017261
    1    1    1  0.040925032  0.049230384
    0    0    2 -0.004453390 -0.000251914
    0    0   -2 -0.004453390 -0.000251914
   -2   -2    0  0.059346533  0.003250340
    2    2    0  0.059346533  0.003250340
   -1   -1   -3  0.022411090  0.027363316
   -1   -1    3  0.025762450 -0.024453728
    1    1   -3  0.022411090  0.027363316
    1    1    3  0.025762450 -0.024453728
   -2   -2   -2 -0.001594568 -0.000217046
    2    2   -2 -0.001594568 -0.000217046
   -2   -2    2 -0.001594568 -0.000217046
    2    2    2 -0.001594568 -0.000217046
    0    0    4  0.040140362  0.002946356
    0    0   -4  0.040140362  0.002946356
    3    3    1  0.016183595  0.019689867
    3    3   -1  0.019220558 -0.017039206
   -3   -3    1  0.016183595  0.019689867
   -3   -3   -1  0.019220558 -0.017039206
    2    2   -4  0.030953195  0.002684068
   -2   -2   -4  0.030953195  0.002684068
    2    2    4  0.030953195  0.002684068
   -2   -2    4  0.030953195  0.002684068
    1    1    5  0.012752102  0.015622885
   -1   -1    5  0.012752102  0.015622885
    1    1   -5  0.015516825 -0.013199301
   -1   -1   -5  0.015516825 -0.013199301
   -3   -3   -3  0.012752102  0.015622885
   -3   -3    3  0.015516825 -0.013199301
    3    3   -3  0.012752102  0.015622885
    3    3    3  0.015516825 -0.013199301
   -4   -4    0  0.025255461  0.002453011
    4    4    0  0.025255461  0.002453011
    4    4    2 -0.000117371 -0.000149236
    4    4   -2 -0.000117371 -0.000149236
    0    0   -6 -0.000117371 -0.000149236
   -4   -4    2 -0.000117371 -0.000149236
    0    0    6 -0.000117371 -0.000149236
   -4   -4   -2 -0.000117371 -0.000149236
    3    3    5  0.008816166  0.011055469
    3    3   -5  0.011126344 -0.009014943
   -3   -3    5  0.008816166  0.011055469
   -3   -3   -5  0.011126344 -0.009014943
    2    2   -6 -0.000058850 -0.000132897
   -2   -2   -6 -0.000058850 -0.000132897
    2    2    6 -0.000058850 -0.000132897
   -2   -2    6 -0.000058850 -0.000132897
   -4   -4   -4  0.018199152  0.002061961
    4    4   -4  0.018199152  0.002061961
   -4   -4    4  0.018199152  0.002061961
    4    4    4  0.018199152  0.002061961
   -5   -5   -1  0.009660425 -0.007696935
    5    5    1  0.007542922  0.009574064
    5    5   -1  0.009660425 -0.007696935
   -5   -5    1  0.007542922  0.009574064
   -1   -1    7  0.009660425 -0.007696935
   -1   -1   -7  0.007542922  0.009574064
    1    1    7  0.009660425 -0.007696935
    1    1   -7  0.007542922  0.009574064
   -5   -5   -3  0.006531639  0.008387240
    5    5   -3  0.006531639  0.008387240
   -5   -5    3  0.008475035 -0.006658172
    5    5    3  0.008475035 -0.006658172
    0    0   -8  0.013855258  0.001743186
    0    0    8  0.013855258  0.001743186
    3    3    7  0.007494883 -0.005817167
    3    3   -7  0.005709437  0.007411605
   -3   -3   -7  0.005709437  0.007411605
   -3   -3    7  0.007494883 -0.005817167
    4    4   -6 -0.000011616 -0.000094132
   -4   -4    6 -0.000011616 -0.000094132
    4    4    6 -0.000011616 -0.000094132
   -4   -4   -6 -0.000011616 -0.000094132
    6    6    0  0.012243671  0.001605229
   -6   -6    0  0.012243671  0.001605229
    2    2   -8  0.012243671  0.001605229
   -2   -2   -8  0.012243671  0.001605229
    2    2    8  0.012243671  0.001605229
   -2   -2    8  0.012243671  0.001605229
