    0    0    0   0.000000000   0.000000000   0.000000E+00   0.297701E-02
   -1    0    0  -1.611238411   0.000000000   0.111060E-02   0.307834E-03
    0   -1    0   0.000000000  -1.611238411   0.111060E-02   0.307834E-03
    0    1    0   0.000000000   1.611238411   0.111060E-02   0.307834E-03
    1    0    0   1.611238411  -0.000000000   0.111060E-02   0.307834E-03
    1    1    0   1.611238411   1.611238411   0.559294E-01   0.219055E-02
   -1   -1    0  -1.611238411  -1.611238411   0.559294E-01   0.219055E-02
   -1    1    0  -1.611238411   1.611238411   0.559294E-01   0.219055E-02
    1   -1    0   1.611238411  -1.611238411   0.559294E-01   0.219055E-02
    0   -2    0   0.000000000  -3.222476822   0.722129E-01   0.258542E-02
    0    2    0   0.000000000   3.222476822   0.722129E-01   0.258542E-02
   -2    0    0  -3.222476822   0.000000000   0.722129E-01   0.258542E-02
    2    0    0   3.222476822  -0.000000000   0.722129E-01   0.258542E-02
    2   -1    0   3.222476822  -1.611238411   0.134234E-03   0.374904E-03
    2    1    0   3.222476822   1.611238411   0.134234E-03   0.374904E-03
   -2   -1    0  -3.222476822  -1.611238411   0.134234E-03   0.374904E-03
   -2    1    0  -3.222476822   1.611238411   0.134234E-03   0.374904E-03
    1    2    0   1.611238411   3.222476822   0.134234E-03   0.374904E-03
   -1   -2    0  -1.611238411  -3.222476822   0.134234E-03   0.374904E-03
   -1    2    0  -1.611238411   3.222476822   0.134234E-03   0.374904E-03
    1   -2    0   1.611238411  -3.222476822   0.134234E-03   0.374904E-03
   -2   -2    0  -3.222476822  -3.222476822   0.474183E-01   0.228515E-02
    2    2    0   3.222476822   3.222476822   0.474183E-01   0.228515E-02
   -2    2    0  -3.222476822   3.222476822   0.474183E-01   0.228515E-02
    2   -2    0   3.222476822  -3.222476822   0.474183E-01   0.228515E-02
   -3    0    0  -4.833715233   0.000000000   0.720916E-03   0.419651E-03
    0   -3    0   0.000000000  -4.833715233   0.720916E-03   0.419651E-03
    0    3    0   0.000000000   4.833715233   0.720916E-03   0.419651E-03
    3    0    0   4.833715233  -0.000000000   0.720916E-03   0.419651E-03
    1    3    0   1.611238411   4.833715233   0.212771E-01   0.174178E-02
   -1   -3    0  -1.611238411  -4.833715233   0.212771E-01   0.174178E-02
   -3   -1    0  -4.833715233  -1.611238411   0.212771E-01   0.174178E-02
   -3    1    0  -4.833715233   1.611238411   0.212771E-01   0.174178E-02
    3   -1    0   4.833715233  -1.611238411   0.212771E-01   0.174178E-02
    3    1    0   4.833715233   1.611238411   0.212771E-01   0.174178E-02
   -1    3    0  -1.611238411   4.833715233   0.212771E-01   0.174178E-02
    1   -3    0   1.611238411  -4.833715233   0.212771E-01   0.174178E-02
   -2    3    0  -3.222476822   4.833715233   0.121197E-02   0.449823E-03
   -3   -2    0  -4.833715233  -3.222476822   0.121197E-02   0.449823E-03
    3   -2    0   4.833715233  -3.222476822   0.121197E-02   0.449823E-03
   -3    2    0  -4.833715233   3.222476822   0.121197E-02   0.449823E-03
    3    2    0   4.833715233   3.222476822   0.121197E-02   0.449823E-03
    2   -3    0   3.222476822  -4.833715233   0.121197E-02   0.449823E-03
    2    3    0   3.222476822   4.833715233   0.121197E-02   0.449823E-03
   -2   -3    0  -3.222476822  -4.833715233   0.121197E-02   0.449823E-03
    0   -4    0   0.000000000  -6.444953644   0.270457E-01   0.183409E-02
    0    4    0   0.000000000   6.444953644   0.270457E-01   0.183409E-02
   -4    0    0  -6.444953644   0.000000000   0.270457E-01   0.183409E-02
    4    0    0   6.444953644  -0.000000000   0.270457E-01   0.183409E-02
    1    4    0   1.611238411   6.444953644   0.156882E-02   0.469357E-03
   -1   -4    0  -1.611238411  -6.444953644   0.156882E-02   0.469357E-03
    4   -1    0   6.444953644  -1.611238411   0.156882E-02   0.469357E-03
   -4   -1    0  -6.444953644  -1.611238411   0.156882E-02   0.469357E-03
   -4    1    0  -6.444953644   1.611238411   0.156882E-02   0.469357E-03
    1   -4    0   1.611238411  -6.444953644   0.156882E-02   0.469357E-03
    4    1    0   6.444953644   1.611238411   0.156882E-02   0.469357E-03
   -1    4    0  -1.611238411   6.444953644   0.156882E-02   0.469357E-03
   -3    3    0  -4.833715233   4.833715233   0.133222E-01   0.143402E-02
    3   -3    0   4.833715233  -4.833715233   0.133222E-01   0.143402E-02
    3    3    0   4.833715233   4.833715233   0.133222E-01   0.143402E-02
   -3   -3    0  -4.833715233  -4.833715233   0.133222E-01   0.143402E-02
   -2    4    0  -3.222476822   6.444953644   0.218297E-01   0.165821E-02
   -4   -2    0  -6.444953644  -3.222476822   0.218297E-01   0.165821E-02
    2   -4    0   3.222476822  -6.444953644   0.218297E-01   0.165821E-02
    4   -2    0   6.444953644  -3.222476822   0.218297E-01   0.165821E-02
   -4    2    0  -6.444953644   3.222476822   0.218297E-01   0.165821E-02
    2    4    0   3.222476822   6.444953644   0.218297E-01   0.165821E-02
   -2   -4    0  -3.222476822  -6.444953644   0.218297E-01   0.165821E-02
    4    2    0   6.444953644   3.222476822   0.218297E-01   0.165821E-02
   -5    0    0  -8.056192055   0.000000000   0.194941E-02   0.486215E-03
   -4    3    0  -6.444953644   4.833715233   0.194941E-02   0.486215E-03
   -3   -4    0  -4.833715233  -6.444953644   0.194941E-02   0.486215E-03
    3   -4    0   4.833715233  -6.444953644   0.194941E-02   0.486215E-03
   -3    4    0  -4.833715233   6.444953644   0.194941E-02   0.486215E-03
    3    4    0   4.833715233   6.444953644   0.194941E-02   0.486215E-03
    4   -3    0   6.444953644  -4.833715233   0.194941E-02   0.486215E-03
    0   -5    0   0.000000000  -8.056192055   0.194941E-02   0.486215E-03
    0    5    0   0.000000000   8.056192055   0.194941E-02   0.486215E-03
   -4   -3    0  -6.444953644  -4.833715233   0.194941E-02   0.486215E-03
    4    3    0   6.444953644   4.833715233   0.194941E-02   0.486215E-03
    5    0    0   8.056192055  -0.000000000   0.194941E-02   0.486215E-03
    1    5    0   1.611238411   8.056192055   0.951390E-02   0.120297E-02
   -1   -5    0  -1.611238411  -8.056192055   0.951390E-02   0.120297E-02
   -1    5    0  -1.611238411   8.056192055   0.951390E-02   0.120297E-02
   -5   -1    0  -8.056192055  -1.611238411   0.951390E-02   0.120297E-02
   -5    1    0  -8.056192055   1.611238411   0.951390E-02   0.120297E-02
    1   -5    0   1.611238411  -8.056192055   0.951390E-02   0.120297E-02
   -2    5    0  -3.222476822   8.056192055   0.202744E-02   0.486828E-03
   -5   -2    0  -8.056192055  -3.222476822   0.202744E-02   0.486828E-03
   -2   -5    0  -3.222476822  -8.056192055   0.202744E-02   0.486828E-03
   -5    2    0  -8.056192055   3.222476822   0.202744E-02   0.486828E-03
   -4   -4    0  -6.444953644  -6.444953644   0.131190E-01   0.125539E-02
   -4    4    0  -6.444953644   6.444953644   0.131190E-01   0.125539E-02
   -3   -5    0  -4.833715233  -8.056192055   0.725711E-02   0.102183E-02
   -3    5    0  -4.833715233   8.056192055   0.725711E-02   0.102183E-02
   -5    3    0  -8.056192055   4.833715233   0.725711E-02   0.102183E-02
   -5   -3    0  -8.056192055  -4.833715233   0.725711E-02   0.102183E-02
    0   -6    0   0.000000000  -9.667430465   0.113947E-01   0.115113E-02
    0    6    0   0.000000000   9.667430465   0.113947E-01   0.115113E-02
   -6    0    0  -9.667430465   0.000000000   0.113947E-01   0.115113E-02
