    0    0    0  0.000000000  0.003476950
   -1   -1    1  0.041030752  0.049167118
    1    1    1  0.041030752  0.049167118
   -1   -1   -1  0.044685636 -0.046140654
    1    1   -1  0.044685636 -0.046140654
    0    0    2 -0.004406152 -0.000307694
    0    0   -2 -0.004406152 -0.000307694
   -2   -2    0  0.059521651  0.003137537
    2    2    0  0.059521651  0.003137537
    1    1    3  0.025877937 -0.024589209
    1    1   -3  0.022583264  0.027347875
   -1   -1   -3  0.022583264  0.027347875
   -1   -1    3  0.025877937 -0.024589209
   -2   -2   -2 -0.001506875 -0.000263031
    2    2    2 -0.001506875 -0.000263031
    2    2   -2 -0.001506875 -0.000263031
   -2   -2    2 -0.001506875 -0.000263031
    0    0   -4  0.040380047  0.002856184
    0    0    4  0.040380047  0.002856184
   -3   -3   -1  0.019381517 -0.017173428
    3    3    1  0.016388592  0.019702736
   -3   -3    1  0.016388592  0.019702736
    3    3   -1  0.019381517 -0.017173428
   -2   -2   -4  0.031232360  0.002612831
    2    2    4  0.031232360  0.002612831
   -2   -2    4  0.031232360  0.002612831
    2    2   -4  0.031232360  0.002612831
   -1   -1   -5  0.015708134 -0.013329524
    1    1    5  0.012976930  0.015656828
   -1   -1    5  0.012976930  0.015656828
    1    1   -5  0.015708134 -0.013329524
    3    3   -3  0.012976930  0.015656828
   -3   -3   -3  0.012976930  0.015656828
   -3   -3    3  0.015708134 -0.013329524
    3    3    3  0.015708134 -0.013329524
   -4   -4    0  0.025560453  0.002397879
    4    4    0  0.025560453  0.002397879
    0    0    6  0.000020441 -0.000173574
   -4   -4   -2  0.000020441 -0.000173574
    4    4   -2  0.000020441 -0.000173574
    4    4    2  0.000020441 -0.000173574
    0    0   -6  0.000020441 -0.000173574
   -4   -4    2  0.000020441 -0.000173574
   -3   -3    5  0.009059489  0.011118547
    3    3    5  0.009059489  0.011118547
   -3   -3   -5  0.011352588 -0.009134232
    3    3   -5  0.011352588 -0.009134232
   -2   -2   -6  0.000085386 -0.000151826
   -2   -2    6  0.000085386 -0.000151826
    2    2    6  0.000085386 -0.000151826
    2    2   -6  0.000085386 -0.000151826
    4    4   -4  0.018530651  0.002032550
    4    4    4  0.018530651  0.002032550
   -4   -4    4  0.018530651  0.002032550
   -4   -4   -4  0.018530651  0.002032550
    5    5    1  0.007788970  0.009647138
   -5   -5    1  0.007788970  0.009647138
    5    5   -1  0.009895855 -0.007810146
   -5   -5   -1  0.009895855 -0.007810146
   -1   -1   -7  0.007788970  0.009647138
    1    1    7  0.009895855 -0.007810146
   -1   -1    7  0.009895855 -0.007810146
    1    1   -7  0.007788970  0.009647138
    5    5    3  0.008715961 -0.006765214
   -5   -5    3  0.008715961 -0.006765214
   -5   -5   -3  0.006777652  0.008468092
    5    5   -3  0.006777652  0.008468092
    0    0    8  0.014193170  0.001732952
    0    0   -8  0.014193170  0.001732952
   -3   -3    7  0.007738513 -0.005918092
    3    3    7  0.007738513 -0.005918092
    3    3   -7  0.005953420  0.007498446
   -3   -3   -7  0.005953420  0.007498446
    4    4    6  0.000138271 -0.000100571
    4    4   -6  0.000138271 -0.000100571
   -4   -4   -6  0.000138271 -0.000100571
   -4   -4    6  0.000138271 -0.000100571
   -2   -2    8  0.012580250  0.001602682
    2    2   -8  0.012580250  0.001602682
   -2   -2   -8  0.012580250  0.001602682
    2    2    8  0.012580250  0.001602682
   -6   -6    0  0.012580250  0.001602682
    6    6    0  0.012580250  0.001602682
    5    5   -5  0.006915300 -0.005217676
   -5   -5   -5  0.006915300 -0.005217676
    5    5    5  0.005269898  0.006685766
   -5   -5    5  0.005269898  0.006685766
   -6   -6   -2  0.000141100 -0.000087046
    6    6    2  0.000141100 -0.000087046
    6    6   -2  0.000141100 -0.000087046
   -6   -6    2  0.000141100 -0.000087046
    1    1    9  0.004695390  0.005994705
    1    1   -9  0.006213107 -0.004629737
   -1   -1   -9  0.006213107 -0.004629737
   -1   -1    9  0.004695390  0.005994705
    6    6   -4  0.010063838  0.001374083
   -6   -6   -4  0.010063838  0.001374083
    6    6    4  0.010063838  0.001374083
   -6   -6    4  0.010063838  0.001374083
   -4   -4   -8  0.009066924  0.001273554
   -4   -4    8  0.009066924  0.001273554
    4    4   -8  0.009066924  0.001273554
    4    4    8  0.009066924  0.001273554
   -5   -5   -7  0.003788678  0.004884201
    5    5   -7  0.003788678  0.004884201
   -5   -5    7  0.005082099 -0.003701717
    5    5    7  0.005082099 -0.003701717
    7    7    1  0.003788678  0.004884201
   -7   -7    1  0.003788678  0.004884201
    3    3    9  0.003788678  0.004884201
   -3   -3   -9  0.005082099 -0.003701717
    7    7   -1  0.005082099 -0.003701717
    3    3   -9  0.005082099 -0.003701717
   -3   -3    9  0.003788678  0.004884201
   -7   -7   -1  0.005082099 -0.003701717
    0    0   10  0.000142437 -0.000054305
    0    0  -10  0.000142437 -0.000054305
    7    7   -3  0.003426988  0.004432645
    7    7    3  0.004621753 -0.003331053
   -7   -7    3  0.004621753 -0.003331053
   -7   -7   -3  0.003426988  0.004432645
   -2   -2  -10  0.000142539 -0.000045542
   -2   -2   10  0.000142539 -0.000045542
    2    2   10  0.000142539 -0.000045542
    2    2  -10  0.000142539 -0.000045542
    6    6    6  0.000142539 -0.000045542
   -6   -6    6  0.000142539 -0.000045542
    6    6   -6  0.000142539 -0.000045542
   -6   -6   -6  0.000142539 -0.000045542
   -7   -7    5  0.002836848  0.003682723
   -7   -7   -5  0.003857128 -0.002725342
    1    1   11  0.003857128 -0.002725342
    1    1  -11  0.002836848  0.003682723
   -1   -1   11  0.003857128 -0.002725342
    7    7   -5  0.003857128 -0.002725342
    7    7    5  0.002836848  0.003682723
   -1   -1  -11  0.002836848  0.003682723
    8    8    0  0.006191771  0.000943957
   -8   -8    0  0.006191771  0.000943957
    5    5   -9  0.003537490 -0.002476203
    5    5    9  0.002594409  0.003369234
   -5   -5   -9  0.003537490 -0.002476203
   -5   -5    9  0.002594409  0.003369234
   -4   -4  -10  0.000143264 -0.000024270
    4    4  -10  0.000143264 -0.000024270
    4    4   10  0.000143264 -0.000024270
   -4   -4   10  0.000143264 -0.000024270
   -8   -8   -2  0.000143264 -0.000024270
    8    8   -2  0.000143264 -0.000024270
    8    8    2  0.000143264 -0.000024270
   -8   -8    2  0.000143264 -0.000024270
    6    6    8  0.005669236  0.000876514
    6    6   -8  0.005669236  0.000876514
   -6   -6    8  0.005669236  0.000876514
   -6   -6   -8  0.005669236  0.000876514
    3    3  -11  0.002379963  0.003089022
    3    3   11  0.003251756 -0.002255765
   -3   -3   11  0.003251756 -0.002255765
   -3   -3  -11  0.002379963  0.003089022
    8    8   -4  0.005203036  0.000814030
    0    0  -12  0.005203036  0.000814030
    8    8    4  0.005203036  0.000814030
    0    0   12  0.005203036  0.000814030
   -8   -8    4  0.005203036  0.000814030
   -8   -8   -4  0.005203036  0.000814030
   -7   -7   -7  0.002189411  0.002837600
    7    7    7  0.002995315 -0.002059923
   -7   -7    7  0.002995315 -0.002059923
    7    7   -7  0.002189411  0.002837600
    2    2  -12  0.004785493  0.000756087
    2    2   12  0.004785493  0.000756087
   -2   -2   12  0.004785493  0.000756087
   -2   -2  -12  0.004785493  0.000756087
    9    9    1  0.001867051  0.002406810
   -9   -9   -1  0.002555596 -0.001729058
    9    9   -1  0.002555596 -0.001729058
   -9   -9    1  0.001867051  0.002406810
   -8   -8   -6  0.000143350 -0.000004915
   -8   -8    6  0.000143350 -0.000004915
    8    8    6  0.000143350 -0.000004915
    8    8   -6  0.000143350 -0.000004915
    5    5  -11  0.001730099  0.002221675
   -5   -5  -11  0.001730099  0.002221675
   -5   -5   11  0.002366393 -0.001588857
   -1   -1   13  0.001730099  0.002221675
    1    1  -13  0.002366393 -0.001588857
    5    5   11  0.002366393 -0.001588857
   -1   -1  -13  0.002366393 -0.001588857
    1    1   13  0.001730099  0.002221675
    9    9    3  0.002366393 -0.001588857
    9    9   -3  0.001730099  0.002221675
   -9   -9   -3  0.001730099  0.002221675
   -9   -9    3  0.002366393 -0.001588857
    6    6  -10  0.000142914 -0.000001310
   -6   -6  -10  0.000142914 -0.000001310
    6    6   10  0.000142914 -0.000001310
   -6   -6   10  0.000142914 -0.000001310
    4    4   12  0.003765833  0.000605938
   -4   -4  -12  0.003765833  0.000605938
    4    4  -12  0.003765833  0.000605938
   -4   -4   12  0.003765833  0.000605938
    7    7   -9  0.002194420 -0.001462691
    7    7    9  0.001606550  0.002053583
   -7   -7   -9  0.002194420 -0.001462691
   -7   -7    9  0.001606550  0.002053583
    3    3   13  0.001494739  0.001900607
   -3   -3   13  0.001494739  0.001900607
   -3   -3  -13  0.002037707 -0.001348864
    3    3  -13  0.002037707 -0.001348864
   -9   -9    5  0.001494739  0.001900607
    9    9   -5  0.002037707 -0.001348864
    9    9    5  0.001494739  0.001900607
   -9   -9   -5  0.002037707 -0.001348864
   -8   -8    8  0.003236093  0.000522582
   -8   -8   -8  0.003236093  0.000522582
    8    8   -8  0.003236093  0.000522582
    8    8    8  0.003236093  0.000522582
    0    0   14  0.000140251  0.000007220
    0    0  -14  0.000140251  0.000007220
   10   10    0  0.003006232  0.000485172
  -10  -10    0  0.003006232  0.000485172
   10   10    2  0.000138922  0.000009414
   10   10   -2  0.000138922  0.000009414
  -10  -10   -2  0.000138922  0.000009414
  -10  -10    2  0.000138922  0.000009414
    2    2  -14  0.000138922  0.000009414
   -2   -2   14  0.000138922  0.000009414
    2    2   14  0.000138922  0.000009414
   -2   -2  -14  0.000138922  0.000009414
   -9   -9    7  0.001643333 -0.001067866
    9    9    7  0.001643333 -0.001067866
   -9   -9   -7  0.001216564  0.001516846
    9    9   -7  0.001216564  0.001516846
  -10  -10   -4  0.002604235  0.000417844
   10   10   -4  0.002604235  0.000417844
  -10  -10    4  0.002604235  0.000417844
   10   10    4  0.002604235  0.000417844
    6    6   12  0.002604235  0.000417844
    6    6  -12  0.002604235  0.000417844
   -6   -6  -12  0.002604235  0.000417844
   -6   -6   12  0.002604235  0.000417844
    5    5  -13  0.001532873 -0.000990736
   -5   -5   13  0.001139435  0.001409780
    5    5   13  0.001139435  0.001409780
   -5   -5  -13  0.001532873 -0.000990736
    7    7   11  0.001532873 -0.000990736
    7    7  -11  0.001139435  0.001409780
   -7   -7   11  0.001532873 -0.000990736
   -7   -7  -11  0.001139435  0.001409780
    1    1   15  0.001431183 -0.000920411
    1    1  -15  0.001068709  0.001311424
   -1   -1  -15  0.001068709  0.001311424
   -1   -1   15  0.001431183 -0.000920411
   -8   -8  -10  0.000133784  0.000014437
   -4   -4  -14  0.000133784  0.000014437
    4    4  -14  0.000133784  0.000014437
   -4   -4   14  0.000133784  0.000014437
    8    8   10  0.000133784  0.000014437
    4    4   14  0.000133784  0.000014437
    8    8  -10  0.000133784  0.000014437
   -8   -8   10  0.000133784  0.000014437
  -10  -10   -6  0.000131744  0.000015670
  -10  -10    6  0.000131744  0.000015670
   10   10   -6  0.000131744  0.000015670
   10   10    6  0.000131744  0.000015670
   -3   -3   15  0.001250812 -0.000797408
    3    3   15  0.001250812 -0.000797408
    3    3  -15  0.000943851  0.001137558
   -3   -3  -15  0.000943851  0.001137558
   -9   -9    9  0.000943851  0.001137558
    9    9   -9  0.001250812 -0.000797408
  -11  -11   -1  0.001250812 -0.000797408
   11   11   -1  0.001250812 -0.000797408
   -9   -9   -9  0.001250812 -0.000797408
    9    9    9  0.000943851  0.001137558
  -11  -11    1  0.000943851  0.001137558
   11   11    1  0.000943851  0.001137558
   11   11   -3  0.000888617  0.001060638
  -11  -11    3  0.001170720 -0.000743554
  -11  -11   -3  0.000888617  0.001060638
   11   11    3  0.001170720 -0.000743554
    0    0   16  0.001853846  0.000285433
    0    0  -16  0.001853846  0.000285433
  -10  -10    8  0.001736874  0.000264001
   10   10    8  0.001736874  0.000264001
  -10  -10   -8  0.001736874  0.000264001
   10   10   -8  0.001736874  0.000264001
   -2   -2   16  0.001736874  0.000264001
    2    2  -16  0.001736874  0.000264001
    2    2   16  0.001736874  0.000264001
   -2   -2  -16  0.001736874  0.000264001
  -11  -11    5  0.000790267  0.000923866
   -7   -7  -13  0.001027770 -0.000648699
   11   11   -5  0.001027770 -0.000648699
    7    7   13  0.000790267  0.000923866
   -7   -7   13  0.000790267  0.000923866
   11   11    5  0.000790267  0.000923866
    7    7  -13  0.001027770 -0.000648699
  -11  -11   -5  0.001027770 -0.000648699
   -6   -6   14  0.000122423  0.000018897
    6    6   14  0.000122423  0.000018897
   -6   -6  -14  0.000122423  0.000018897
    6    6  -14  0.000122423  0.000018897
   -8   -8  -12  0.001628622  0.000243986
   -8   -8   12  0.001628622  0.000243986
    8    8   12  0.001628622  0.000243986
    8    8  -12  0.001628622  0.000243986
    5    5   15  0.000963921 -0.000606888
   -5   -5   15  0.000963921 -0.000606888
   -5   -5  -15  0.000746399  0.000863018
    5    5  -15  0.000746399  0.000863018
   -9   -9  -11  0.000705640  0.000806620
    9    9  -11  0.000705640  0.000806620
   -9   -9   11  0.000904581 -0.000568353
    9    9   11  0.000904581 -0.000568353
   -4   -4  -16  0.001435245  0.000207828
    4    4   16  0.001435245  0.000207828
  -12  -12    0  0.001435245  0.000207828
    4    4  -16  0.001435245  0.000207828
   12   12    0  0.001435245  0.000207828
   -4   -4   16  0.001435245  0.000207828
    1    1   17  0.000667711  0.000754291
   -1   -1   17  0.000667711  0.000754291
   -1   -1  -17  0.000849373 -0.000532793
    1    1  -17  0.000849373 -0.000532793
   11   11    7  0.000849373 -0.000532793
  -11  -11   -7  0.000667711  0.000754291
  -11  -11    7  0.000849373 -0.000532793
   11   11   -7  0.000667711  0.000754291
   12   12   -2  0.000114670  0.000019943
   12   12    2  0.000114670  0.000019943
  -12  -12    2  0.000114670  0.000019943
  -12  -12   -2  0.000114670  0.000019943
   10   10   10  0.000112014  0.000020095
  -10  -10  -10  0.000112014  0.000020095
  -10  -10   10  0.000112014  0.000020095
   10   10  -10  0.000112014  0.000020095
  -12  -12   -4  0.001268421  0.000176269
   12   12    4  0.001268421  0.000176269
   12   12   -4  0.001268421  0.000176269
  -12  -12    4  0.001268421  0.000176269
    3    3  -17  0.000750033 -0.000469544
    3    3   17  0.000599380  0.000660517
   -3   -3   17  0.000599380  0.000660517
   -3   -3  -17  0.000750033 -0.000469544
   -7   -7   15  0.000663569 -0.000415299
    7    7  -15  0.000539720  0.000579354
    7    7   15  0.000663569 -0.000415299
   -7   -7  -15  0.000539720  0.000579354
  -11  -11   -9  0.000663569 -0.000415299
   11   11   -9  0.000663569 -0.000415299
  -11  -11    9  0.000539720  0.000579354
   11   11    9  0.000539720  0.000579354
   12   12   -6  0.000103984  0.000020091
  -12  -12    6  0.000103984  0.000020091
  -12  -12   -6  0.000103984  0.000020091
   12   12    6  0.000103984  0.000020091
    0    0   18  0.000103984  0.000020091
    0    0  -18  0.000103984  0.000020091
   -8   -8   14  0.000103984  0.000020091
   -8   -8  -14  0.000103984  0.000020091
    8    8  -14  0.000103984  0.000020091
    8    8   14  0.000103984  0.000020091
   -6   -6   16  0.001058861  0.000136279
    6    6   16  0.001058861  0.000136279
   -6   -6  -16  0.001058861  0.000136279
    6    6  -16  0.001058861  0.000136279
    9    9   13  0.000512706  0.000542887
    9    9  -13  0.000624553 -0.000391077
   -9   -9  -13  0.000624553 -0.000391077
   -9   -9   13  0.000512706  0.000542887
    2    2  -18  0.000101315  0.000019962
   -2   -2  -18  0.000101315  0.000019962
    2    2   18  0.000101315  0.000019962
   -2   -2   18  0.000101315  0.000019962
   13   13   -1  0.000588066 -0.000368572
   13   13    1  0.000487372  0.000508880
  -13  -13    1  0.000487372  0.000508880
  -13  -13   -1  0.000588066 -0.000368572
    5    5   17  0.000487372  0.000508880
    5    5  -17  0.000588066 -0.000368572
   -5   -5   17  0.000487372  0.000508880
   -5   -5  -17  0.000588066 -0.000368572
   10   10   12  0.000941450  0.000113803
  -10  -10  -12  0.000941450  0.000113803
   10   10  -12  0.000941450  0.000113803
  -10  -10   12  0.000941450  0.000113803
   13   13   -3  0.000463587  0.000477146
   13   13    3  0.000553919 -0.000347641
  -13  -13   -3  0.000463587  0.000477146
  -13  -13    3  0.000553919 -0.000347641
   12   12    8  0.000888417  0.000103661
   12   12   -8  0.000888417  0.000103661
  -12  -12    8  0.000888417  0.000103661
  -12  -12   -8  0.000888417  0.000103661
    4    4   18  0.000093429  0.000019290
   -4   -4   18  0.000093429  0.000019290
   -4   -4  -18  0.000093429  0.000019290
    4    4  -18  0.000093429  0.000019290
   -1   -1   19  0.000491973 -0.000309998
   -1   -1  -19  0.000420202  0.000419824
    1    1  -19  0.000420202  0.000419824
    1    1   19  0.000491973 -0.000309998
   13   13    5  0.000420202  0.000419824
  -13  -13    5  0.000420202  0.000419824
   13   13   -5  0.000491973 -0.000309998
  -13  -13   -5  0.000491973 -0.000309998
  -11  -11  -11  0.000420202  0.000419824
   11   11  -11  0.000420202  0.000419824
  -11  -11   11  0.000491973 -0.000309998
   11   11   11  0.000491973 -0.000309998
    3    3  -19  0.000381729  0.000369718
    3    3   19  0.000437510 -0.000277253
   -3   -3   19  0.000437510 -0.000277253
   -3   -3  -19  0.000381729  0.000369718
   -8   -8  -16  0.000707872  0.000069364
    8    8  -16  0.000707872  0.000069364
    8    8   16  0.000707872  0.000069364
   -8   -8   16  0.000707872  0.000069364
  -13  -13   -7  0.000364118  0.000347051
   -7   -7   17  0.000364118  0.000347051
    7    7  -17  0.000412761 -0.000262482
   13   13   -7  0.000364118  0.000347051
    9    9   15  0.000412761 -0.000262482
   -9   -9  -15  0.000364118  0.000347051
  -13  -13    7  0.000412761 -0.000262482
   -7   -7  -17  0.000412761 -0.000262482
    7    7   17  0.000364118  0.000347051
   -9   -9   15  0.000412761 -0.000262482
   13   13    7  0.000412761 -0.000262482
    9    9  -15  0.000364118  0.000347051
  -12  -12  -10  0.000083368  0.000017914
  -12  -12   10  0.000083368  0.000017914
   12   12  -10  0.000083368  0.000017914
   12   12   10  0.000083368  0.000017914
  -14  -14    0  0.000669520  0.000062166
   14   14    0  0.000669520  0.000062166
  -10  -10  -14  0.000080956  0.000017512
   10   10  -14  0.000080956  0.000017512
   10   10   14  0.000080956  0.000017512
  -10  -10   14  0.000080956  0.000017512
  -14  -14    2  0.000080956  0.000017512
    6    6  -18  0.000080956  0.000017512
   14   14    2  0.000080956  0.000017512
   -6   -6   18  0.000080956  0.000017512
   -6   -6  -18  0.000080956  0.000017512
    6    6   18  0.000080956  0.000017512
   14   14   -2  0.000080956  0.000017512
  -14  -14   -2  0.000080956  0.000017512
    0    0  -20  0.000633501  0.000055449
    0    0   20  0.000633501  0.000055449
    2    2  -20  0.000599652  0.000049183
   -2   -2  -20  0.000599652  0.000049183
   -2   -2   20  0.000599652  0.000049183
    2    2   20  0.000599652  0.000049183
   14   14    4  0.000599652  0.000049183
  -14  -14    4  0.000599652  0.000049183
   14   14   -4  0.000599652  0.000049183
  -14  -14   -4  0.000599652  0.000049183
    5    5  -19  0.000316910  0.000287295
    5    5   19  0.000347137 -0.000223633
   -5   -5  -19  0.000316910  0.000287295
   -5   -5   19  0.000347137 -0.000223633
  -11  -11  -13  0.000347137 -0.000223633
  -11  -11   13  0.000316910  0.000287295
   11   11  -13  0.000347137 -0.000223633
   11   11   13  0.000316910  0.000287295
   13   13    9  0.000302843  0.000269814
  -13  -13    9  0.000302843  0.000269814
   13   13   -9  0.000327820 -0.000212283
  -13  -13   -9  0.000327820 -0.000212283
   14   14   -6  0.000071781  0.000015771
  -14  -14   -6  0.000071781  0.000015771
   14   14    6  0.000071781  0.000015771
  -14  -14    6  0.000071781  0.000015771
    4    4   20  0.000509686  0.000032824
   -4   -4   20  0.000509686  0.000032824
    4    4  -20  0.000509686  0.000032824
   -4   -4  -20  0.000509686  0.000032824
   12   12  -12  0.000509686  0.000032824
  -12  -12  -12  0.000509686  0.000032824
  -12  -12   12  0.000509686  0.000032824
   12   12   12  0.000509686  0.000032824
  -15  -15    1  0.000253545  0.000210003
  -15  -15   -1  0.000261234 -0.000173421
   15   15    1  0.000253545  0.000210003
   15   15   -1  0.000261234 -0.000173421
   -9   -9  -17  0.000261234 -0.000173421
    9    9  -17  0.000261234 -0.000173421
    9    9   17  0.000253545  0.000210003
   -9   -9   17  0.000253545  0.000210003
    8    8  -18  0.000065422  0.000014389
   -8   -8   18  0.000065422  0.000014389
   -8   -8  -18  0.000065422  0.000014389
    8    8   18  0.000065422  0.000014389
   10   10   16  0.000434519  0.000019615
  -14  -14   -8  0.000434519  0.000019615
