    0    0    0  0.000000000  0.002903582
    0    1    0  0.001158131  0.000288368
    1    0    0  0.001158131  0.000288368
   -1    0    0  0.001158131  0.000288368
    0   -1    0  0.001158131  0.000288368
    1    1    0  0.056011392  0.002172840
   -1   -1    0  0.056011392  0.002172840
    1   -1    0  0.056011392  0.002172840
   -1    1    0  0.056011392  0.002172840
   -2    0    0  0.071832598  0.002629178
    0    2    0  0.071832598  0.002629178
    2    0    0  0.071832598  0.002629178
    0   -2    0  0.071832598  0.002629178
    1    2    0  0.000275655  0.000391426
   -1    2    0  0.000275655  0.000391426
   -2   -1    0  0.000275655  0.000391426
    2   -1    0  0.000275655  0.000391426
   -1   -2    0  0.000275655  0.000391426
    2    1    0  0.000275655  0.000391426
    1   -2    0  0.000275655  0.000391426
   -2    1    0  0.000275655  0.000391426
   -2   -2    0  0.046915504  0.002313878
    2    2    0  0.046915504  0.002313878
   -2    2    0  0.046915504  0.002313878
    2   -2    0  0.046915504  0.002313878
    0    3    0  0.000893325  0.000431472
    3    0    0  0.000893325  0.000431472
    0   -3    0  0.000893325  0.000431472
   -3    0    0  0.000893325  0.000431472
    1   -3    0  0.021453021  0.001734220
    1    3    0  0.021453021  0.001734220
   -1   -3    0  0.021453021  0.001734220
    3    1    0  0.021453021  0.001734220
   -1    3    0  0.021453021  0.001734220
   -3   -1    0  0.021453021  0.001734220
    3   -1    0  0.021453021  0.001734220
   -3    1    0  0.021453021  0.001734220
    3    2    0  0.001392935  0.000444789
    2    3    0  0.001392935  0.000444789
    2   -3    0  0.001392935  0.000444789
   -3    2    0  0.001392935  0.000444789
   -2   -3    0  0.001392935  0.000444789
   -2    3    0  0.001392935  0.000444789
    3   -2    0  0.001392935  0.000444789
   -3   -2    0  0.001392935  0.000444789
   -4    0    0  0.026503238  0.001843035
    0    4    0  0.026503238  0.001843035
    0   -4    0  0.026503238  0.001843035
    4    0    0  0.026503238  0.001843035
    1   -4    0  0.001748884  0.000466969
    4    1    0  0.001748884  0.000466969
    4   -1    0  0.001748884  0.000466969
    1    4    0  0.001748884  0.000466969
   -1    4    0  0.001748884  0.000466969
   -1   -4    0  0.001748884  0.000466969
   -4   -1    0  0.001748884  0.000466969
   -4    1    0  0.001748884  0.000466969
   -3    3    0  0.013501262  0.001432187
    3   -3    0  0.013501262  0.001432187
   -3   -3    0  0.013501262  0.001432187
    3    3    0  0.013501262  0.001432187
    4   -2    0  0.021300424  0.001660711
   -4    2    0  0.021300424  0.001660711
    4    2    0  0.021300424  0.001660711
   -2   -4    0  0.021300424  0.001660711
    2   -4    0  0.021300424  0.001660711
    2    4    0  0.021300424  0.001660711
   -2    4    0  0.021300424  0.001660711
   -4   -2    0  0.021300424  0.001660711
   -4    3    0  0.002117139  0.000487346
    4   -3    0  0.002117139  0.000487346
    0   -5    0  0.002117139  0.000487346
   -3   -4    0  0.002117139  0.000487346
    4    3    0  0.002117139  0.000487346
   -5    0    0  0.002117139  0.000487346
    3    4    0  0.002117139  0.000487346
   -3    4    0  0.002117139  0.000487346
    0    5    0  0.002117139  0.000487346
   -4   -3    0  0.002117139  0.000487346
    5    0    0  0.002117139  0.000487346
    3   -4    0  0.002117139  0.000487346
   -1    5    0  0.009679682  0.001204418
   -1   -5    0  0.009679682  0.001204418
    5   -1    0  0.009679682  0.001204418
    1    5    0  0.009679682  0.001204418
    5    1    0  0.009679682  0.001204418
   -5   -1    0  0.009679682  0.001204418
   -5    1    0  0.009679682  0.001204418
    1   -5    0  0.009679682  0.001204418
    5   -2    0  0.002187186  0.000489096
    5    2    0  0.002187186  0.000489096
   -2   -5    0  0.002187186  0.000489096
   -5    2    0  0.002187186  0.000489096
    2   -5    0  0.002187186  0.000489096
   -2    5    0  0.002187186  0.000489096
    2    5    0  0.002187186  0.000489096
   -5   -2    0  0.002187186  0.000489096
    4    4    0  0.012658366  0.001246612
   -4   -4    0  0.012658366  0.001246612
    4   -4    0  0.012658366  0.001246612
   -4    4    0  0.012658366  0.001246612
   -5   -3    0  0.007406513  0.001025114
    5   -3    0  0.007406513  0.001025114
    3   -5    0  0.007406513  0.001025114
   -3    5    0  0.007406513  0.001025114
    3    5    0  0.007406513  0.001025114
   -3   -5    0  0.007406513  0.001025114
   -5    3    0  0.007406513  0.001025114
    5    3    0  0.007406513  0.001025114
    0    6    0  0.010958854  0.001140362
   -6    0    0  0.010958854  0.001140362
    0   -6    0  0.010958854  0.001140362
    6    0    0  0.010958854  0.001140362
   -6    1    0  0.002199584  0.000481611
   -1    6    0  0.002199584  0.000481611
    6    1    0  0.002199584  0.000481611
    1   -6    0  0.002199584  0.000481611
   -1   -6    0  0.002199584  0.000481611
   -6   -1    0  0.002199584  0.000481611
    1    6    0  0.002199584  0.000481611
    6   -1    0  0.002199584  0.000481611
    2   -6    0  0.009583888  0.001045838
   -2   -6    0  0.009583888  0.001045838
   -6    2    0  0.009583888  0.001045838
    6    2    0  0.009583888  0.001045838
    6   -2    0  0.009583888  0.001045838
   -6   -2    0  0.009583888  0.001045838
   -2    6    0  0.009583888  0.001045838
    2    6    0  0.009583888  0.001045838
   -4   -5    0  0.002166472  0.000473971
    5    4    0  0.002166472  0.000473971
   -5   -4    0  0.002166472  0.000473971
   -5    4    0  0.002166472  0.000473971
    4   -5    0  0.002166472  0.000473971
    4    5    0  0.002166472  0.000473971
   -4    5    0  0.002166472  0.000473971
    5   -4    0  0.002166472  0.000473971
    3    6    0  0.002117852  0.000464519
   -3   -6    0  0.002117852  0.000464519
    3   -6    0  0.002117852  0.000464519
    6   -3    0  0.002117852  0.000464519
    6    3    0  0.002117852  0.000464519
   -3    6    0  0.002117852  0.000464519
   -6   -3    0  0.002117852  0.000464519
   -6    3    0  0.002117852  0.000464519
   -7    0    0  0.002058942  0.000453691
    0   -7    0  0.002058942  0.000453691
    0    7    0  0.002058942  0.000453691
    7    0    0  0.002058942  0.000453691
    5    5    0  0.004821920  0.000760555
    5   -5    0  0.004821920  0.000760555
   -5    5    0  0.004821920  0.000760555
   -5   -5    0  0.004821920  0.000760555
   -7    1    0  0.004821920  0.000760555
   -1    7    0  0.004821920  0.000760555
   -7   -1    0  0.004821920  0.000760555
    7    1    0  0.004821920  0.000760555
   -1   -7    0  0.004821920  0.000760555
    1    7    0  0.004821920  0.000760555
    1   -7    0  0.004821920  0.000760555
    7   -1    0  0.004821920  0.000760555
    6    4    0  0.006709347  0.000816895
   -4    6    0  0.006709347  0.000816895
   -4   -6    0  0.006709347  0.000816895
    6   -4    0  0.006709347  0.000816895
   -6   -4    0  0.006709347  0.000816895
    4   -6    0  0.006709347  0.000816895
   -6    4    0  0.006709347  0.000816895
    4    6    0  0.006709347  0.000816895
   -7    2    0  0.001993485  0.000441839
    7    2    0  0.001993485  0.000441839
   -2    7    0  0.001993485  0.000441839
    7   -2    0  0.001993485  0.000441839
   -7   -2    0  0.001993485  0.000441839
    2    7    0  0.001993485  0.000441839
   -2   -7    0  0.001993485  0.000441839
    2   -7    0  0.001993485  0.000441839
    3   -7    0  0.004018877  0.000660620
   -3    7    0  0.004018877  0.000660620
   -3   -7    0  0.004018877  0.000660620
    3    7    0  0.004018877  0.000660620
    7    3    0  0.004018877  0.000660620
   -7    3    0  0.004018877  0.000660620
   -7   -3    0  0.004018877  0.000660620
    7   -3    0  0.004018877  0.000660620
   -5    6    0  0.001852936  0.000416125
    5   -6    0  0.001852936  0.000416125
   -6    5    0  0.001852936  0.000416125
    6    5    0  0.001852936  0.000416125
   -5   -6    0  0.001852936  0.000416125
    6   -5    0  0.001852936  0.000416125
    5    6    0  0.001852936  0.000416125
   -6   -5    0  0.001852936  0.000416125
   -8    0    0  0.004930673  0.000647418
    0    8    0  0.004930673  0.000647418
    8    0    0  0.004930673  0.000647418
    0   -8    0  0.004930673  0.000647418
   -8   -1    0  0.001781162  0.000402672
    7   -4    0  0.001781162  0.000402672
    7    4    0  0.001781162  0.000402672
   -1   -8    0  0.001781162  0.000402672
    8    1    0  0.001781162  0.000402672
    4    7    0  0.001781162  0.000402672
   -4    7    0  0.001781162  0.000402672
    4   -7    0  0.001781162  0.000402672
    1   -8    0  0.001781162  0.000402672
    8   -1    0  0.001781162  0.000402672
    1    8    0  0.001781162  0.000402672
   -7   -4    0  0.001781162  0.000402672
   -8    1    0  0.001781162  0.000402672
   -7    4    0  0.001781162  0.000402672
