  0.000000000  0.000000000
  0.000000000  0.000000000
  0.433588833
  1.000000000  1.000000000
  1.000000000  1.673726652
  1.995143744
 -1.000000000 -1.000000000
  1.000000000  1.673726652
  1.995143744
 -1.000000000 -1.000000000
 -1.000000000  1.673726652
 -1.735716113
  1.000000000  1.000000000
 -1.000000000  1.673726652
 -1.735716113
  0.000000000  0.000000000
  2.000000000 -0.180282974
 -0.028760958
  0.000000000  0.000000000
 -2.000000000 -0.180282974
 -0.028760958
 -2.000000000 -2.000000000
  0.000000000  2.668302978
  0.378750340
  2.000000000  2.000000000
  0.000000000  2.668302978
  0.378750340
  1.000000000  1.000000000
  3.000000000  0.919603722
 -0.922845214
 -1.000000000 -1.000000000
  3.000000000  0.919603722
 -0.922845214
 -1.000000000 -1.000000000
 -3.000000000  0.919603722
  1.065383791
  1.000000000  1.000000000
 -3.000000000  0.919603722
  1.065383791
 -2.000000000 -2.000000000
  2.000000000 -0.065816460
 -0.005100776
 -2.000000000 -2.000000000
 -2.000000000 -0.065816460
 -0.005100776
  2.000000000  2.000000000
 -2.000000000 -0.065816460
 -0.005100776
  2.000000000  2.000000000
  2.000000000 -0.065816460
 -0.005100776
  0.000000000  0.000000000
 -4.000000000  1.705752850
  0.244941775
  0.000000000  0.000000000
  4.000000000  1.705752850
  0.244941775
 -3.000000000 -3.000000000
  1.000000000  0.659678074
  0.741443614
  3.000000000  3.000000000
  1.000000000  0.659678074
  0.741443614
  3.000000000  3.000000000
 -1.000000000  0.659678074
 -0.639193513
 -3.000000000 -3.000000000
 -1.000000000  0.659678074
 -0.639193513
 -2.000000000 -2.000000000
  4.000000000  1.205636147
  0.181362737
  2.000000000  2.000000000
 -4.000000000  1.205636147
  0.181362737
 -2.000000000 -2.000000000
 -4.000000000  1.205636147
  0.181362737
  2.000000000  2.000000000
  4.000000000  1.205636147
  0.181362737
 -3.000000000 -3.000000000
 -3.000000000  0.514130731
  0.570540435
 -1.000000000 -1.000000000
 -5.000000000  0.514130731
 -0.490850172
  1.000000000  1.000000000
  5.000000000  0.514130731
  0.570540435
 -1.000000000 -1.000000000
  5.000000000  0.514130731
  0.570540435
  3.000000000  3.000000000
 -3.000000000  0.514130731
  0.570540435
  1.000000000  1.000000000
 -5.000000000  0.514130731
 -0.490850172
  3.000000000  3.000000000
  3.000000000  0.514130731
 -0.490850172
 -3.000000000 -3.000000000
  3.000000000  0.514130731
 -0.490850172
 -4.000000000 -4.000000000
  0.000000000  0.776905844
  0.125749321
  4.000000000  4.000000000
  0.000000000  0.776905844
  0.125749321
 -4.000000000 -4.000000000
 -2.000000000 -0.010968013
 -0.000850021
  4.000000000  4.000000000
 -2.000000000 -0.010968013
 -0.000850021
 -4.000000000 -4.000000000
  2.000000000 -0.010968013
 -0.000850021
  4.000000000  4.000000000
  2.000000000 -0.010968013
 -0.000850021
  0.000000000  0.000000000
 -6.000000000 -0.010968013
 -0.000850021
  0.000000000  0.000000000
  6.000000000 -0.010968013
 -0.000850021
  3.000000000  3.000000000
  5.000000000  0.345554689
  0.381454083
 -3.000000000 -3.000000000
 -5.000000000  0.345554689
 -0.327893106
 -3.000000000 -3.000000000
  5.000000000  0.345554689
  0.381454083
  3.000000000  3.000000000
 -5.000000000  0.345554689
 -0.327893106
  2.000000000  2.000000000
  6.000000000 -0.008940325
 -0.000692875
 -2.000000000 -2.000000000
 -6.000000000 -0.008940325
 -0.000692875
 -2.000000000 -2.000000000
  6.000000000 -0.008940325
 -0.000692875
  2.000000000  2.000000000
 -6.000000000 -0.008940325
 -0.000692875
 -4.000000000 -4.000000000
  4.000000000  0.584741374
  0.089624931
  4.000000000  4.000000000
 -4.000000000  0.584741374
  0.089624931
  4.000000000  4.000000000
  4.000000000  0.584741374
  0.089624931
 -4.000000000 -4.000000000
 -4.000000000  0.584741374
  0.089624931
 -5.000000000 -5.000000000
 -1.000000000  0.290962322
 -0.276447331
  5.000000000  5.000000000
  1.000000000  0.290962322
  0.321546491
 -5.000000000 -5.000000000
  1.000000000  0.290962322
  0.321546491
  5.000000000  5.000000000
 -1.000000000  0.290962322
 -0.276447331
 -1.000000000 -1.000000000
 -7.000000000  0.290962322
  0.321546491
 -1.000000000 -1.000000000
  7.000000000  0.290962322
 -0.276447331
  1.000000000  1.000000000
 -7.000000000  0.290962322
  0.321546491
  1.000000000  1.000000000
  7.000000000  0.290962322
 -0.276447331
  5.000000000  5.000000000
 -3.000000000  0.247739674
  0.274370131
 -5.000000000 -5.000000000
 -3.000000000  0.247739674
  0.274370131
  5.000000000  5.000000000
  3.000000000  0.247739674
 -0.235970481
 -5.000000000 -5.000000000
  3.000000000  0.247739674
 -0.235970481
  0.000000000  0.000000000
  8.000000000  0.454461178
  0.069523307
  0.000000000  0.000000000
 -8.000000000  0.454461178
  0.069523307
 -3.000000000 -3.000000000
 -7.000000000  0.212772300
  0.236287298
 -3.000000000 -3.000000000
  7.000000000  0.212772300
 -0.203307592
  3.000000000  3.000000000
  7.000000000  0.212772300
 -0.203307592
  3.000000000  3.000000000
 -7.000000000  0.212772300
  0.236287298
 -4.000000000 -4.000000000
 -6.000000000 -0.006981120
 -0.000541037
  4.000000000  4.000000000
  6.000000000 -0.006981120
 -0.000541037
 -4.000000000 -4.000000000
  6.000000000 -0.006981120
 -0.000541037
  4.000000000  4.000000000
 -6.000000000 -0.006981120
 -0.000541037
 -2.000000000 -2.000000000
 -8.000000000  0.379712330
  0.058760993
 -2.000000000 -2.000000000
  8.000000000  0.379712330
  0.058760993
  2.000000000  2.000000000
  8.000000000  0.379712330
  0.058760993
  2.000000000  2.000000000
 -8.000000000  0.379712330
  0.058760993
  6.000000000  6.000000000
  0.000000000  0.379712330
  0.058760993
 -6.000000000 -6.000000000
  0.000000000  0.379712330
  0.058760993
 -5.000000000 -5.000000000
  5.000000000  0.184030986
  0.204984589
 -5.000000000 -5.000000000
 -5.000000000  0.184030986
 -0.176459786
  5.000000000  5.000000000
  5.000000000  0.184030986
  0.204984589
  5.000000000  5.000000000
 -5.000000000  0.184030986
 -0.176459786
  6.000000000  6.000000000
 -2.000000000 -0.006651216
 -0.000515469
 -6.000000000 -6.000000000
 -2.000000000 -0.006651216
 -0.000515469
 -6.000000000 -6.000000000
  2.000000000 -0.006651216
 -0.000515469
  6.000000000  6.000000000
  2.000000000 -0.006651216
 -0.000515469
 -1.000000000 -1.000000000
  9.000000000  0.160114941
  0.178896382
  1.000000000  1.000000000
 -9.000000000  0.160114941
 -0.154078566
  1.000000000  1.000000000
  9.000000000  0.160114941
  0.178896382
 -1.000000000 -1.000000000
 -9.000000000  0.160114941
 -0.154078566
  6.000000000  6.000000000
  4.000000000  0.321279696
  0.048917970
 -6.000000000 -6.000000000
 -4.000000000  0.321279696
  0.048917970
  6.000000000  6.000000000
 -4.000000000  0.321279696
  0.048917970
 -6.000000000 -6.000000000
  4.000000000  0.321279696
  0.048917970
  4.000000000  4.000000000
  8.000000000  0.254190327
  0.041654383
 -4.000000000 -4.000000000
  8.000000000  0.254190327
  0.041654383
 -4.000000000 -4.000000000
 -8.000000000  0.254190327
  0.041654383
  4.000000000  4.000000000
 -8.000000000  0.254190327
  0.041654383
 -3.000000000 -3.000000000
 -9.000000000  0.122983610
 -0.119162229
  3.000000000  3.000000000
  9.000000000  0.122983610
  0.138224688
 -3.000000000 -3.000000000
  9.000000000  0.122983610
  0.138224688
  3.000000000  3.000000000
 -9.000000000  0.122983610
 -0.119162229
  7.000000000  7.000000000
  1.000000000  0.122983610
  0.138224688
  7.000000000  7.000000000
 -1.000000000  0.122983610
 -0.119162229
  5.000000000  5.000000000
  7.000000000  0.122983610
 -0.119162229
 -7.000000000 -7.000000000
 -1.000000000  0.122983610
 -0.119162229
 -5.000000000 -5.000000000
  7.000000000  0.122983610
 -0.119162229
 -5.000000000 -5.000000000
 -7.000000000  0.122983610
  0.138224688
