    0    0    0  0.000000000  0.002970719
    0    1    0  0.001106285  0.000309759
    1    0    0  0.001106285  0.000309759
   -1    0    0  0.001106285  0.000309759
    0   -1    0  0.001106285  0.000309759
   -1   -1    0  0.055921991  0.002192321
    1    1    0  0.055921991  0.002192321
    1   -1    0  0.055921991  0.002192321
   -1    1    0  0.055921991  0.002192321
    2    0    0  0.072247589  0.002580961
    0    2    0  0.072247589  0.002580961
   -2    0    0  0.072247589  0.002580961
    0   -2    0  0.072247589  0.002580961
   -2    1    0  0.000121308  0.000376262
    2    1    0  0.000121308  0.000376262
   -2   -1    0  0.000121308  0.000376262
    2   -1    0  0.000121308  0.000376262
    1    2    0  0.000121308  0.000376262
   -1    2    0  0.000121308  0.000376262
   -1   -2    0  0.000121308  0.000376262
    1   -2    0  0.000121308  0.000376262
    2   -2    0  0.047464510  0.002282077
   -2   -2    0  0.047464510  0.002282077
    2    2    0  0.047464510  0.002282077
   -2    2    0  0.047464510  0.002282077
    0   -3    0  0.000705028  0.000420580
   -3    0    0  0.000705028  0.000420580
    3    0    0  0.000705028  0.000420580
    0    3    0  0.000705028  0.000420580
    3    1    0  0.021260849  0.001742622
    3   -1    0  0.021260849  0.001742622
    1    3    0  0.021260849  0.001742622
   -1   -3    0  0.021260849  0.001742622
   -3   -1    0  0.021260849  0.001742622
   -1    3    0  0.021260849  0.001742622
   -3    1    0  0.021260849  0.001742622
    1   -3    0  0.021260849  0.001742622
   -3   -2    0  0.001195151  0.000450423
    2    3    0  0.001195151  0.000450423
    3    2    0  0.001195151  0.000450423
    2   -3    0  0.001195151  0.000450423
   -3    2    0  0.001195151  0.000450423
    3   -2    0  0.001195151  0.000450423
   -2    3    0  0.001195151  0.000450423
   -2   -3    0  0.001195151  0.000450423
    4    0    0  0.027096419  0.001832876
    0    4    0  0.027096419  0.001832876
    0   -4    0  0.027096419  0.001832876
   -4    0    0  0.027096419  0.001832876
    4   -1    0  0.001551955  0.000469704
   -1   -4    0  0.001551955  0.000469704
   -4   -1    0  0.001551955  0.000469704
    1    4    0  0.001551955  0.000469704
    4    1    0  0.001551955  0.000469704
   -1    4    0  0.001551955  0.000469704
    1   -4    0  0.001551955  0.000469704
   -4    1    0  0.001551955  0.000469704
    3   -3    0  0.013305411  0.001434313
   -3    3    0  0.013305411  0.001434313
   -3   -3    0  0.013305411  0.001434313
    3    3    0  0.013305411  0.001434313
    4   -2    0  0.021879561  0.001657626
    4    2    0  0.021879561  0.001657626
   -2    4    0  0.021879561  0.001657626
   -4    2    0  0.021879561  0.001657626
    2   -4    0  0.021879561  0.001657626
    2    4    0  0.021879561  0.001657626
   -4   -2    0  0.021879561  0.001657626
   -2   -4    0  0.021879561  0.001657626
    4   -3    0  0.001933437  0.000486211
    0    5    0  0.001933437  0.000486211
   -5    0    0  0.001933437  0.000486211
    3   -4    0  0.001933437  0.000486211
   -4   -3    0  0.001933437  0.000486211
    0   -5    0  0.001933437  0.000486211
    3    4    0  0.001933437  0.000486211
    4    3    0  0.001933437  0.000486211
   -3    4    0  0.001933437  0.000486211
   -4    3    0  0.001933437  0.000486211
   -3   -4    0  0.001933437  0.000486211
    5    0    0  0.001933437  0.000486211
   -1   -5    0  0.009498079  0.001202934
   -5   -1    0  0.009498079  0.001202934
    5    1    0  0.009498079  0.001202934
   -1    5    0  0.009498079  0.001202934
   -5    1    0  0.009498079  0.001202934
    5   -1    0  0.009498079  0.001202934
    1    5    0  0.009498079  0.001202934
    1   -5    0  0.009498079  0.001202934
   -5    2    0  0.002012109  0.000486705
   -2   -5    0  0.002012109  0.000486705
   -2    5    0  0.002012109  0.000486705
    2   -5    0  0.002012109  0.000486705
    5   -2    0  0.002012109  0.000486705
    2    5    0  0.002012109  0.000486705
    5    2    0  0.002012109  0.000486705
   -5   -2    0  0.002012109  0.000486705
    4   -4    0  0.013163496  0.001255969
   -4   -4    0  0.013163496  0.001255969
   -4    4    0  0.013163496  0.001255969
    4    4    0  0.013163496  0.001255969
    5    3    0  0.007242624  0.001021595
   -5   -3    0  0.007242624  0.001021595
   -3    5    0  0.007242624  0.001021595
   -5    3    0  0.007242624  0.001021595
    5   -3    0  0.007242624  0.001021595
    3   -5    0  0.007242624  0.001021595
   -3   -5    0  0.007242624  0.001021595
    3    5    0  0.007242624  0.001021595
    6    0    0  0.011437114  0.001151941
    0   -6    0  0.011437114  0.001151941
    0    6    0  0.011437114  0.001151941
   -6    0    0  0.011437114  0.001151941
   -6   -1    0  0.002042384  0.000477601
    6    1    0  0.002042384  0.000477601
    1   -6    0  0.002042384  0.000477601
   -6    1    0  0.002042384  0.000477601
   -1    6    0  0.002042384  0.000477601
   -1   -6    0  0.002042384  0.000477601
    1    6    0  0.002042384  0.000477601
    6   -1    0  0.002042384  0.000477601
    6    2    0  0.010035755  0.001059005
   -2   -6    0  0.010035755  0.001059005
    2    6    0  0.010035755  0.001059005
   -6   -2    0  0.010035755  0.001059005
   -2    6    0  0.010035755  0.001059005
    6   -2    0  0.010035755  0.001059005
    2   -6    0  0.010035755  0.001059005
   -6    2    0  0.010035755  0.001059005
   -5   -4    0  0.002018009  0.000469477
    4    5    0  0.002018009  0.000469477
    4   -5    0  0.002018009  0.000469477
   -4   -5    0  0.002018009  0.000469477
    5   -4    0  0.002018009  0.000469477
    5    4    0  0.002018009  0.000469477
   -4    5    0  0.002018009  0.000469477
   -5    4    0  0.002018009  0.000469477
   -3   -6    0  0.001977828  0.000459699
   -6    3    0  0.001977828  0.000459699
    6   -3    0  0.001977828  0.000459699
   -6   -3    0  0.001977828  0.000459699
    6    3    0  0.001977828  0.000459699
   -3    6    0  0.001977828  0.000459699
    3    6    0  0.001977828  0.000459699
    3   -6    0  0.001977828  0.000459699
    0    7    0  0.001927003  0.000448670
   -7    0    0  0.001927003  0.000448670
    7    0    0  0.001927003  0.000448670
    0   -7    0  0.001927003  0.000448670
   -5   -5    0  0.004691943  0.000755501
   -5    5    0  0.004691943  0.000755501
    5   -5    0  0.004691943  0.000755501
    5    5    0  0.004691943  0.000755501
   -1   -7    0  0.004691943  0.000755501
   -7    1    0  0.004691943  0.000755501
    7    1    0  0.004691943  0.000755501
    7   -1    0  0.004691943  0.000755501
   -7   -1    0  0.004691943  0.000755501
   -1    7    0  0.004691943  0.000755501
    1   -7    0  0.004691943  0.000755501
    1    7    0  0.004691943  0.000755501
   -4   -6    0  0.007087724  0.000832210
    4    6    0  0.007087724  0.000832210
    4   -6    0  0.007087724  0.000832210
    6    4    0  0.007087724  0.000832210
   -6   -4    0  0.007087724  0.000832210
    6   -4    0  0.007087724  0.000832210
   -4    6    0  0.007087724  0.000832210
   -6    4    0  0.007087724  0.000832210
   -2    7    0  0.001869249  0.000436716
   -7    2    0  0.001869249  0.000436716
    7   -2    0  0.001869249  0.000436716
    7    2    0  0.001869249  0.000436716
   -2   -7    0  0.001869249  0.000436716
    2    7    0  0.001869249  0.000436716
   -7   -2    0  0.001869249  0.000436716
    2   -7    0  0.001869249  0.000436716
   -7    3    0  0.003903716  0.000655479
    7    3    0  0.003903716  0.000655479
   -3    7    0  0.003903716  0.000655479
    3   -7    0  0.003903716  0.000655479
    3    7    0  0.003903716  0.000655479
   -7   -3    0  0.003903716  0.000655479
    7   -3    0  0.003903716  0.000655479
   -3   -7    0  0.003903716  0.000655479
    6   -5    0  0.001742927  0.000411019
    5    6    0  0.001742927  0.000411019
    5   -6    0  0.001742927  0.000411019
   -5    6    0  0.001742927  0.000411019
   -6    5    0  0.001742927  0.000411019
   -6   -5    0  0.001742927  0.000411019
   -5   -6    0  0.001742927  0.000411019
    6    5    0  0.001742927  0.000411019
    0   -8    0  0.005245894  0.000662552
   -8    0    0  0.005245894  0.000662552
    0    8    0  0.005245894  0.000662552
    8    0    0  0.005245894  0.000662552
   -1   -8    0  0.001677687  0.000397653
    1   -8    0  0.001677687  0.000397653
   -7   -4    0  0.001677687  0.000397653
    1    8    0  0.001677687  0.000397653
   -4   -7    0  0.001677687  0.000397653
   -7    4    0  0.001677687  0.000397653
    8   -1    0  0.001677687  0.000397653
    4    7    0  0.001677687  0.000397653
   -8    1    0  0.001677687  0.000397653
    7    4    0  0.001677687  0.000397653
    7   -4    0  0.001677687  0.000397653
    8    1    0  0.001677687  0.000397653
   -1    8    0  0.001677687  0.000397653
   -8   -1    0  0.001677687  0.000397653
    4   -7    0  0.001677687  0.000397653
   -4    7    0  0.001677687  0.000397653
   -8    2    0  0.004781304  0.000615441
    2    8    0  0.004781304  0.000615441
   -2    8    0  0.004781304  0.000615441
   -2   -8    0  0.004781304  0.000615441
    2   -8    0  0.004781304  0.000615441
    8   -2    0  0.004781304  0.000615441
    8    2    0  0.004781304  0.000615441
   -8   -2    0  0.004781304  0.000615441
    6    6    0  0.004371413  0.000572217
    6   -6    0  0.004371413  0.000572217
   -6   -6    0  0.004371413  0.000572217
   -6    6    0  0.004371413  0.000572217
   -3    8    0  0.001548152  0.000370575
   -8   -3    0  0.001548152  0.000370575
    8   -3    0  0.001548152  0.000370575
   -8    3    0  0.001548152  0.000370575
    3    8    0  0.001548152  0.000370575
    8    3    0  0.001548152  0.000370575
    3   -8    0  0.001548152  0.000370575
   -3   -8    0  0.001548152  0.000370575
   -7    5    0  0.002813896  0.000499445
    7    5    0  0.002813896  0.000499445
    5    7    0  0.002813896  0.000499445
    7   -5    0  0.002813896  0.000499445
   -5   -7    0  0.002813896  0.000499445
   -5    7    0  0.002813896  0.000499445
   -7   -5    0  0.002813896  0.000499445
    5   -7    0  0.002813896  0.000499445
    8    4    0  0.003683792  0.000495887
    8   -4    0  0.003683792  0.000495887
   -8   -4    0  0.003683792  0.000495887
   -8    4    0  0.003683792  0.000495887
    4   -8    0  0.003683792  0.000495887
    4    8    0  0.003683792  0.000495887
   -4    8    0  0.003683792  0.000495887
   -4   -8    0  0.003683792  0.000495887
    0   -9    0  0.001423618  0.000343663
    9    0    0  0.001423618  0.000343663
   -9    0    0  0.001423618  0.000343663
    0    9    0  0.001423618  0.000343663
   -1    9    0  0.002424425  0.000437984
    9    1    0  0.002424425  0.000437984
   -9   -1    0  0.002424425  0.000437984
    1    9    0  0.002424425  0.000437984
    9   -1    0  0.002424425  0.000437984
    1   -9    0  0.002424425  0.000437984
   -1   -9    0  0.002424425  0.000437984
   -9    1    0  0.002424425  0.000437984
   -7    6    0  0.001364031  0.000330441
   -6    7    0  0.001364031  0.000330441
    9    2    0  0.001364031  0.000330441
   -2    9    0  0.001364031  0.000330441
    7   -6    0  0.001364031  0.000330441
   -6   -7    0  0.001364031  0.000330441
    6    7    0  0.001364031  0.000330441
    7    6    0  0.001364031  0.000330441
   -7   -6    0  0.001364031  0.000330441
    2   -9    0  0.001364031  0.000330441
    9   -2    0  0.001364031  0.000330441
    6   -7    0  0.001364031  0.000330441
   -9   -2    0  0.001364031  0.000330441
   -2   -9    0  0.001364031  0.000330441
   -9    2    0  0.001364031  0.000330441
    2    9    0  0.001364031  0.000330441
    8   -5    0  0.001306452  0.000317439
   -5   -8    0  0.001306452  0.000317439
   -8   -5    0  0.001306452  0.000317439
   -8    5    0  0.001306452  0.000317439
   -5    8    0  0.001306452  0.000317439
    8    5    0  0.001306452  0.000317439
    5   -8    0  0.001306452  0.000317439
    5    8    0  0.001306452  0.000317439
    3   -9    0  0.002104482  0.000384987
   -9    3    0  0.002104482  0.000384987
   -9   -3    0  0.002104482  0.000384987
   -3    9    0  0.002104482  0.000384987
   -3   -9    0  0.002104482  0.000384987
    9    3    0  0.002104482  0.000384987
    3    9    0  0.002104482  0.000384987
    9   -3    0  0.002104482  0.000384987
    9    4    0  0.001197598  0.000292233
   -4    9    0  0.001197598  0.000292233
   -9   -4    0  0.001197598  0.000292233
    4   -9    0  0.001197598  0.000292233
    4    9    0  0.001197598  0.000292233
   -9    4    0  0.001197598  0.000292233
   -4   -9    0  0.001197598  0.000292233
    9   -4    0  0.001197598  0.000292233
    7    7    0  0.001838274  0.000339046
    7   -7    0  0.001838274  0.000339046
   -7   -7    0  0.001838274  0.000339046
   -7    7    0  0.001838274  0.000339046
   -8   -6    0  0.002492554  0.000350570
    8   -6    0  0.002492554  0.000350570
    0  -10    0  0.002492554  0.000350570
  -10    0    0  0.002492554  0.000350570
    8    6    0  0.002492554  0.000350570
   -8    6    0  0.002492554  0.000350570
    6    8    0  0.002492554  0.000350570
   10    0    0  0.002492554  0.000350570
   -6    8    0  0.002492554  0.000350570
   -6   -8    0  0.002492554  0.000350570
    0   10    0  0.002492554  0.000350570
    6   -8    0  0.002492554  0.000350570
   10   -1    0  0.001146362  0.000280078
    1  -10    0  0.001146362  0.000280078
   -1   10    0  0.001146362  0.000280078
   10    1    0  0.001146362  0.000280078
  -10   -1    0  0.001146362  0.000280078
   -1  -10    0  0.001146362  0.000280078
    1   10    0  0.001146362  0.000280078
  -10    1    0  0.001146362  0.000280078
  -10   -2    0  0.002317079  0.000327550
   10   -2    0  0.002317079  0.000327550
   -2   10    0  0.002317079  0.000327550
    2  -10    0  0.002317079  0.000327550
    2   10    0  0.002317079  0.000327550
   10    2    0  0.002317079  0.000327550
   -2  -10    0  0.002317079  0.000327550
  -10    2    0  0.002317079  0.000327550
   -5   -9    0  0.001614444  0.000299040
   -9   -5    0  0.001614444  0.000299040
    5    9    0  0.001614444  0.000299040
   -5    9    0  0.001614444  0.000299040
    9    5    0  0.001614444  0.000299040
    9   -5    0  0.001614444  0.000299040
   -9    5    0  0.001614444  0.000299040
    5   -9    0  0.001614444  0.000299040
    3  -10    0  0.001050173  0.000256744
  -10   -3    0  0.001050173  0.000256744
    3   10    0  0.001050173  0.000256744
   10   -3    0  0.001050173  0.000256744
   -3   10    0  0.001050173  0.000256744
  -10    3    0  0.001050173  0.000256744
   10    3    0  0.001050173  0.000256744
   -3  -10    0  0.001050173  0.000256744
   -8   -7    0  0.001005129  0.000245585
    7   -8    0  0.001005129  0.000245585
    8   -7    0  0.001005129  0.000245585
    7    8    0  0.001005129  0.000245585
   -7   -8    0  0.001005129  0.000245585
   -8    7    0  0.001005129  0.000245585
   -7    8    0  0.001005129  0.000245585
    8    7    0  0.001005129  0.000245585
   -4   10    0  0.001876851  0.000267698
    4   10    0  0.001876851  0.000267698
   -4  -10    0  0.001876851  0.000267698
   10    4    0  0.001876851  0.000267698
    4  -10    0  0.001876851  0.000267698
  -10    4    0  0.001876851  0.000267698
   10   -4    0  0.001876851  0.000267698
  -10   -4    0  0.001876851  0.000267698
    9    6    0  0.000962042  0.000234771
   -6   -9    0  0.000962042  0.000234771
   -6    9    0  0.000962042  0.000234771
   -9   -6    0  0.000962042  0.000234771
    9   -6    0  0.000962042  0.000234771
    6    9    0  0.000962042  0.000234771
   -9    6    0  0.000962042  0.000234771
    6   -9    0  0.000962042  0.000234771
  -11    0    0  0.000920847  0.000224305
    0  -11    0  0.000920847  0.000224305
   11    0    0  0.000920847  0.000224305
    0   11    0  0.000920847  0.000224305
    1  -11    0  0.001262340  0.000233373
   -1   11    0  0.001262340  0.000233373
  -11   -1    0  0.001262340  0.000233373
   11    1    0  0.001262340  0.000233373
  -11    1    0  0.001262340  0.000233373
   -1  -11    0  0.001262340  0.000233373
   11   -1    0  0.001262340  0.000233373
    1   11    0  0.001262340  0.000233373
   -5  -10    0  0.000881475  0.000214186
   -5   10    0  0.000881475  0.000214186
   -2  -11    0  0.000881475  0.000214186
   -2   11    0  0.000881475  0.000214186
    2   11    0  0.000881475  0.000214186
  -10   -5    0  0.000881475  0.000214186
  -11    2    0  0.000881475  0.000214186
    5  -10    0  0.000881475  0.000214186
   10   -5    0  0.000881475  0.000214186
   11   -2    0  0.000881475  0.000214186
   10    5    0  0.000881475  0.000214186
    2  -11    0  0.000881475  0.000214186
  -11   -2    0  0.000881475  0.000214186
    5   10    0  0.000881475  0.000214186
  -10    5    0  0.000881475  0.000214186
   11    2    0  0.000881475  0.000214186
    8    8    0  0.001536829  0.000219228
   -8    8    0  0.001536829  0.000219228
    8   -8    0  0.001536829  0.000219228
   -8   -8    0  0.001536829  0.000219228
   11   -3    0  0.001122780  0.000206363
   -3  -11    0  0.001122780  0.000206363
    3   11    0  0.001122780  0.000206363
   11    3    0  0.001122780  0.000206363
    3  -11    0  0.001122780  0.000206363
   -3   11    0  0.001122780  0.000206363
  -11   -3    0  0.001122780  0.000206363
  -11    3    0  0.001122780  0.000206363
   -7    9    0  0.001122780  0.000206363
   -9   -7    0  0.001122780  0.000206363
    7   -9    0  0.001122780  0.000206363
    7    9    0  0.001122780  0.000206363
    9   -7    0  0.001122780  0.000206363
   -7   -9    0  0.001122780  0.000206363
    9    7    0  0.001122780  0.000206363
   -9    7    0  0.001122780  0.000206363
  -10   -6    0  0.001352143  0.000192002
   -6   10    0  0.001352143  0.000192002
   10    6    0  0.001352143  0.000192002
   10   -6    0  0.001352143  0.000192002
    6  -10    0  0.001352143  0.000192002
   -6  -10    0  0.001352143  0.000192002
  -10    6    0  0.001352143  0.000192002
    6   10    0  0.001352143  0.000192002
   11   -4    0  0.000773595  0.000185888
   -4  -11    0  0.000773595  0.000185888
    4   11    0  0.000773595  0.000185888
  -11    4    0  0.000773595  0.000185888
    4  -11    0  0.000773595  0.000185888
   11    4    0  0.000773595  0.000185888
   -4   11    0  0.000773595  0.000185888
  -11   -4    0  0.000773595  0.000185888
  -12    0    0  0.001194102  0.000168165
    0  -12    0  0.001194102  0.000168165
    0   12    0  0.001194102  0.000168165
   12    0    0  0.001194102  0.000168165
   -8   -9    0  0.000709507  0.000168690
   -8    9    0  0.000709507  0.000168690
    9    8    0  0.000709507  0.000168690
   -1   12    0  0.000709507  0.000168690
   -1  -12    0  0.000709507  0.000168690
    8    9    0  0.000709507  0.000168690
    8   -9    0  0.000709507  0.000168690
   -9   -8    0  0.000709507  0.000168690
   -9    8    0  0.000709507  0.000168690
  -12    1    0  0.000709507  0.000168690
    1  -12    0  0.000709507  0.000168690
    9   -8    0  0.000709507  0.000168690
    1   12    0  0.000709507  0.000168690
   12    1    0  0.000709507  0.000168690
   12   -1    0  0.000709507  0.000168690
  -12   -1    0  0.000709507  0.000168690
   11    5    0  0.000897065  0.000161428
  -11    5    0  0.000897065  0.000161428
    5   11    0  0.000897065  0.000161428
    5  -11    0  0.000897065  0.000161428
   -5   11    0  0.000897065  0.000161428
   -5  -11    0  0.000897065  0.000161428
   11   -5    0  0.000897065  0.000161428
  -11   -5    0  0.000897065  0.000161428
  -12   -2    0  0.001123611  0.000157367
    2   12    0  0.001123611  0.000157367
   -2  -12    0  0.001123611  0.000157367
  -12    2    0  0.001123611  0.000157367
   12    2    0  0.001123611  0.000157367
   -2   12    0  0.001123611  0.000157367
   12   -2    0  0.001123611  0.000157367
    2  -12    0  0.001123611  0.000157367
  -10   -7    0  0.000679609  0.000160572
   -7   10    0  0.000679609  0.000160572
   -7  -10    0  0.000679609  0.000160572
   10    7    0  0.000679609  0.000160572
    7  -10    0  0.000679609  0.000160572
    7   10    0  0.000679609  0.000160572
   10   -7    0  0.000679609  0.000160572
  -10    7    0  0.000679609  0.000160572
   12   -3    0  0.000651058  0.000152764
    3   12    0  0.000651058  0.000152764
   -3   12    0  0.000651058  0.000152764
    3  -12    0  0.000651058  0.000152764
   -3  -12    0  0.000651058  0.000152764
  -12   -3    0  0.000651058  0.000152764
   12    3    0  0.000651058  0.000152764
  -12    3    0  0.000651058  0.000152764
    6  -11    0  0.000623790  0.000145260
   -6   11    0  0.000623790  0.000145260
  -11    6    0  0.000623790  0.000145260
   11   -6    0  0.000623790  0.000145260
  -11   -6    0  0.000623790  0.000145260
    6   11    0  0.000623790  0.000145260
   11    6    0  0.000623790  0.000145260
   -6  -11    0  0.000623790  0.000145260
  -12   -4    0  0.000940642  0.000128840
   12   -4    0  0.000940642  0.000128840
   12    4    0  0.000940642  0.000128840
   -4   12    0  0.000940642  0.000128840
   -4  -12    0  0.000940642  0.000128840
  -12    4    0  0.000940642  0.000128840
    4   12    0  0.000940642  0.000128840
    4  -12    0  0.000940642  0.000128840
    9   -9    0  0.000724909  0.000126097
   -9   -9    0  0.000724909  0.000126097
    9    9    0  0.000724909  0.000126097
   -9    9    0  0.000724909  0.000126097
  -10   -8    0  0.000887861  0.000120474
   10    8    0  0.000887861  0.000120474
   -8   10    0  0.000887861  0.000120474
   -8  -10    0  0.000887861  0.000120474
    8   10    0  0.000887861  0.000120474
  -10    8    0  0.000887861  0.000120474
   10   -8    0  0.000887861  0.000120474
    8  -10    0  0.000887861  0.000120474
   12   -5    0  0.000549108  0.000124483
  -12    5    0  0.000549108  0.000124483
   -5   12    0  0.000549108  0.000124483
   12    5    0  0.000549108  0.000124483
    5  -12    0  0.000549108  0.000124483
   -5  -12    0  0.000549108  0.000124483
  -12   -5    0  0.000549108  0.000124483
    5   12    0  0.000549108  0.000124483
    0   13    0  0.000549108  0.000124483
   13    0    0  0.000549108  0.000124483
    0  -13    0  0.000549108  0.000124483
  -13    0    0  0.000549108  0.000124483
    7   11    0  0.000654066  0.000111299
   -7  -11    0  0.000654066  0.000111299
  -11    7    0  0.000654066  0.000111299
   11    7    0  0.000654066  0.000111299
    7  -11    0  0.000654066  0.000111299
  -11   -7    0  0.000654066  0.000111299
   -7   11    0  0.000654066  0.000111299
   11   -7    0  0.000654066  0.000111299
   -1   13    0  0.000654066  0.000111299
   -1  -13    0  0.000654066  0.000111299
    1  -13    0  0.000654066  0.000111299
   13   -1    0  0.000654066  0.000111299
   13    1    0  0.000654066  0.000111299
  -13   -1    0  0.000654066  0.000111299
  -13    1    0  0.000654066  0.000111299
    1   13    0  0.000654066  0.000111299
   -2   13    0  0.000526407  0.000118108
    2  -13    0  0.000526407  0.000118108
   13    2    0  0.000526407  0.000118108
   -2  -13    0  0.000526407  0.000118108
  -13    2    0  0.000526407  0.000118108
   13   -2    0  0.000526407  0.000118108
  -13   -2    0  0.000526407  0.000118108
    2   13    0  0.000526407  0.000118108
  -13   -3    0  0.000591458  0.000098103
   13    3    0  0.000591458  0.000098103
   -3  -13    0  0.000591458  0.000098103
   -3   13    0  0.000591458  0.000098103
   13   -3    0  0.000591458  0.000098103
  -13    3    0  0.000591458  0.000098103
    3   13    0  0.000591458  0.000098103
    3  -13    0  0.000591458  0.000098103
    6  -12    0  0.000709556  0.000091759
  -12   -6    0  0.000709556  0.000091759
   12   -6    0  0.000709556  0.000091759
   12    6    0  0.000709556  0.000091759
    6   12    0  0.000709556  0.000091759
  -12    6    0  0.000709556  0.000091759
   -6   12    0  0.000709556  0.000091759
   -6  -12    0  0.000709556  0.000091759
    9  -10    0  0.000483992  0.000106133
   10   -9    0  0.000483992  0.000106133
    9   10    0  0.000483992  0.000106133
  -10    9    0  0.000483992  0.000106133
   10    9    0  0.000483992  0.000106133
   -9  -10    0  0.000483992  0.000106133
  -10   -9    0  0.000483992  0.000106133
   -9   10    0  0.000483992  0.000106133
  -11   -8    0  0.000464184  0.000100516
    8  -11    0  0.000464184  0.000100516
   11    8    0  0.000464184  0.000100516
  -13   -4    0  0.000464184  0.000100516
    8   11    0  0.000464184  0.000100516
   13    4    0  0.000464184  0.000100516
  -13    4    0  0.000464184  0.000100516
  -11    8    0  0.000464184  0.000100516
    4  -13    0  0.000464184  0.000100516
   -8   11    0  0.000464184  0.000100516
   11   -8    0  0.000464184  0.000100516
   13   -4    0  0.000464184  0.000100516
   -8  -11    0  0.000464184  0.000100516
   -4  -13    0  0.000464184  0.000100516
    4   13    0  0.000464184  0.000100516
   -4   13    0  0.000464184  0.000100516
  -12    7    0  0.000427153  0.000089980
    7  -12    0  0.000427153  0.000089980
   12    7    0  0.000427153  0.000089980
   -7   12    0  0.000427153  0.000089980
   12   -7    0  0.000427153  0.000089980
  -12   -7    0  0.000427153  0.000089980
   -7  -12    0  0.000427153  0.000089980
    7   12    0  0.000427153  0.000089980
   -5   13    0  0.000486580  0.000075787
  -13   -5    0  0.000486580  0.000075787
   13   -5    0  0.000486580  0.000075787
    5  -13    0  0.000486580  0.000075787
   13    5    0  0.000486580  0.000075787
    5   13    0  0.000486580  0.000075787
  -13    5    0  0.000486580  0.000075787
   -5  -13    0  0.000486580  0.000075787
  -14    0    0  0.000572674  0.000069261
    0   14    0  0.000572674  0.000069261
    0  -14    0  0.000572674  0.000069261
   14    0    0  0.000572674  0.000069261
   -1   14    0  0.000409850  0.000085046
   -1  -14    0  0.000409850  0.000085046
    1  -14    0  0.000409850  0.000085046
    1   14    0  0.000409850  0.000085046
  -14   -1    0  0.000409850  0.000085046
  -14    1    0  0.000409850  0.000085046
   14    1    0  0.000409850  0.000085046
   14   -1    0  0.000409850  0.000085046
  -10   10    0  0.000543556  0.000064430
   10  -10    0  0.000543556  0.000064430
  -10  -10    0  0.000543556  0.000064430
   10   10    0  0.000543556  0.000064430
   14    2    0  0.000543556  0.000064430
  -14   -2    0  0.000543556  0.000064430
  -14    2    0  0.000543556  0.000064430
   -2  -14    0  0.000543556  0.000064430
   14   -2    0  0.000543556  0.000064430
    2   14    0  0.000543556  0.000064430
   -2   14    0  0.000543556  0.000064430
    2  -14    0  0.000543556  0.000064430
   11   -9    0  0.000442550  0.000066359
   -9  -11    0  0.000442550  0.000066359
   11    9    0  0.000442550  0.000066359
  -11   -9    0  0.000442550  0.000066359
  -11    9    0  0.000442550  0.000066359
    9   11    0  0.000442550  0.000066359
    9  -11    0  0.000442550  0.000066359
   -9   11    0  0.000442550  0.000066359
   13   -6    0  0.000377478  0.000075805
  -14   -3    0  0.000377478  0.000075805
   -6  -13    0  0.000377478  0.000075805
   14    3    0  0.000377478  0.000075805
  -14    3    0  0.000377478  0.000075805
  -13    6    0  0.000377478  0.000075805
    6   13    0  0.000377478  0.000075805
   13    6    0  0.000377478  0.000075805
    3   14    0  0.000377478  0.000075805
  -13   -6    0  0.000377478  0.000075805
   -3   14    0  0.000377478  0.000075805
    3  -14    0  0.000377478  0.000075805
   -6   13    0  0.000377478  0.000075805
   14   -3    0  0.000377478  0.000075805
   -3  -14    0  0.000377478  0.000075805
    6  -13    0  0.000377478  0.000075805
    8  -12    0  0.000490449  0.000055587
    8   12    0  0.000490449  0.000055587
   -8  -12    0  0.000490449  0.000055587
   -8   12    0  0.000490449  0.000055587
   12   -8    0  0.000490449  0.000055587
  -12   -8    0  0.000490449  0.000055587
  -12    8    0  0.000490449  0.000055587
   12    8    0  0.000490449  0.000055587
   14   -4    0  0.000466223  0.000051542
    4   14    0  0.000466223  0.000051542
    4  -14    0  0.000466223  0.000051542
   14    4    0  0.000466223  0.000051542
  -14   -4    0  0.000466223  0.000051542
   -4  -14    0  0.000466223  0.000051542
   -4   14    0  0.000466223  0.000051542
  -14    4    0  0.000466223  0.000051542
   13    7    0  0.000367875  0.000050344
    7  -13    0  0.000367875  0.000050344
  -13    7    0  0.000367875  0.000050344
   -7  -13    0  0.000367875  0.000050344
    7   13    0  0.000367875  0.000050344
   13   -7    0  0.000367875  0.000050344
  -13   -7    0  0.000367875  0.000050344
   -7   13    0  0.000367875  0.000050344
  -11   10    0  0.000320745  0.000059621
  -10   11    0  0.000320745  0.000059621
   11   10    0  0.000320745  0.000059621
   10   11    0  0.000320745  0.000059621
  -11  -10    0  0.000320745  0.000059621
   10  -11    0  0.000320745  0.000059621
   11  -10    0  0.000320745  0.000059621
  -10  -11    0  0.000320745  0.000059621
   14   -5    0  0.000320745  0.000059621
   -5   14    0  0.000320745  0.000059621
    5  -14    0  0.000320745  0.000059621
    5   14    0  0.000320745  0.000059621
   14    5    0  0.000320745  0.000059621
   -5  -14    0  0.000320745  0.000059621
  -14    5    0  0.000320745  0.000059621
  -14   -5    0  0.000320745  0.000059621
  -15    0    0  0.000308054  0.000056013
    0   15    0  0.000308054  0.000056013
   12    9    0  0.000308054  0.000056013
   -9   12    0  0.000308054  0.000056013
    9  -12    0  0.000308054  0.000056013
  -12   -9    0  0.000308054  0.000056013
    9   12    0  0.000308054  0.000056013
  -12    9    0  0.000308054  0.000056013
   12   -9    0  0.000308054  0.000056013
   -9  -12    0  0.000308054  0.000056013
   15    0    0  0.000308054  0.000056013
    0  -15    0  0.000308054  0.000056013
    1   15    0  0.000336155  0.000043554
   -1  -15    0  0.000336155  0.000043554
  -15    1    0  0.000336155  0.000043554
   15   -1    0  0.000336155  0.000043554
   15    1    0  0.000336155  0.000043554
  -15   -1    0  0.000336155  0.000043554
   -1   15    0  0.000336155  0.000043554
    1  -15    0  0.000336155  0.000043554
   -2   15    0  0.000295905  0.000052566
   15   -2    0  0.000295905  0.000052566
   15    2    0  0.000295905  0.000052566
  -15   -2    0  0.000295905  0.000052566
    2  -15    0  0.000295905  0.000052566
   -2  -15    0  0.000295905  0.000052566
  -15    2    0  0.000295905  0.000052566
    2   15    0  0.000295905  0.000052566
    6  -14    0  0.000364416  0.000034514
  -14   -6    0  0.000364416  0.000034514
   -6   14    0  0.000364416  0.000034514
   14    6    0  0.000364416  0.000034514
  -14    6    0  0.000364416  0.000034514
   14   -6    0  0.000364416  0.000034514
   -6  -14    0  0.000364416  0.000034514
    6   14    0  0.000364416  0.000034514
   13    8    0  0.000284273  0.000049275
  -13   -8    0  0.000284273  0.000049275
    8  -13    0  0.000284273  0.000049275
   -8   13    0  0.000284273  0.000049275
  -13    8    0  0.000284273  0.000049275
   -8  -13    0  0.000284273  0.000049275
   13   -8    0  0.000284273  0.000049275
    8   13    0  0.000284273  0.000049275
  -15    3    0  0.000307588  0.000037462
   -3  -15    0  0.000307588  0.000037462
    3  -15    0  0.000307588  0.000037462
   -3   15    0  0.000307588  0.000037462
   15   -3    0  0.000307588  0.000037462
    3   15    0  0.000307588  0.000037462
   15    3    0  0.000307588  0.000037462
  -15   -3    0  0.000307588  0.000037462
    4  -15    0  0.000262466  0.000043133
   -4  -15    0  0.000262466  0.000043133
   15    4    0  0.000262466  0.000043133
    4   15    0  0.000262466  0.000043133
  -15   -4    0  0.000262466  0.000043133
   15   -4    0  0.000262466  0.000043133
   -4   15    0  0.000262466  0.000043133
  -15    4    0  0.000262466  0.000043133
  -11   11    0  0.000281809  0.000031993
   11  -11    0  0.000281809  0.000031993
  -11  -11    0  0.000281809  0.000031993
   11   11    0  0.000281809  0.000031993
  -12   10    0  0.000315940  0.000026436
   10  -12    0  0.000315940  0.000026436
   12  -10    0  0.000315940  0.000026436
   12   10    0  0.000315940  0.000026436
  -10   12    0  0.000315940  0.000026436
  -10  -12    0  0.000315940  0.000026436
   10   12    0  0.000315940  0.000026436
  -12  -10    0  0.000315940  0.000026436
   14    7    0  0.000252247  0.000040271
  -14   -7    0  0.000252247  0.000040271
   14   -7    0  0.000252247  0.000040271
   -7   14    0  0.000252247  0.000040271
   -7  -14    0  0.000252247  0.000040271
    7   14    0  0.000252247  0.000040271
    7  -14    0  0.000252247  0.000040271
  -14    7    0  0.000252247  0.000040271
   -5   15    0  0.000258499  0.000027085
  -15    5    0  0.000258499  0.000027085
   -5  -15    0  0.000258499  0.000027085
    5  -15    0  0.000258499  0.000027085
   15    5    0  0.000258499  0.000027085
  -15   -5    0  0.000258499  0.000027085
  -13   -9    0  0.000258499  0.000027085
   13    9    0  0.000258499  0.000027085
   -9  -13    0  0.000258499  0.000027085
   15   -5    0  0.000258499  0.000027085
    5   15    0  0.000258499  0.000027085
    9  -13    0  0.000258499  0.000027085
    9   13    0  0.000258499  0.000027085
   13   -9    0  0.000258499  0.000027085
  -13    9    0  0.000258499  0.000027085
   -9   13    0  0.000258499  0.000027085
  -16    0    0  0.000274853  0.000019646
   16    0    0  0.000274853  0.000019646
    0  -16    0  0.000274853  0.000019646
    0   16    0  0.000274853  0.000019646
   -1  -16    0  0.000224086  0.000032456
    1   16    0  0.000224086  0.000032456
  -16   -1    0  0.000224086  0.000032456
   -1   16    0  0.000224086  0.000032456
  -16    1    0  0.000224086  0.000032456
   16   -1    0  0.000224086  0.000032456
   16    1    0  0.000224086  0.000032456
    1  -16    0  0.000224086  0.000032456
    2   16    0  0.000262569  0.000017633
   14   -8    0  0.000262569  0.000017633
    8   14    0  0.000262569  0.000017633
   -8   14    0  0.000262569  0.000017633
   -2  -16    0  0.000262569  0.000017633
  -16    2    0  0.000262569  0.000017633
    2  -16    0  0.000262569  0.000017633
   16   -2    0  0.000262569  0.000017633
   -8  -14    0  0.000262569  0.000017633
  -14   -8    0  0.000262569  0.000017633
   16    2    0  0.000262569  0.000017633
  -14    8    0  0.000262569  0.000017633
   -2   16    0  0.000262569  0.000017633
    8  -14    0  0.000262569  0.000017633
  -16   -2    0  0.000262569  0.000017633
   14    8    0  0.000262569  0.000017633
    6  -15    0  0.000215468  0.000030090
  -15    6    0  0.000215468  0.000030090
   15   -6    0  0.000215468  0.000030090
   -6  -15    0  0.000215468  0.000030090
   15    6    0  0.000215468  0.000030090
  -15   -6    0  0.000215468  0.000030090
   -6   15    0  0.000215468  0.000030090
    6   15    0  0.000215468  0.000030090
  -12  -11    0  0.000207207  0.000027836
  -12   11    0  0.000207207  0.000027836
   12  -11    0  0.000207207  0.000027836
   11   12    0  0.000207207  0.000027836
  -11   12    0  0.000207207  0.000027836
  -11  -12    0  0.000207207  0.000027836
   11  -12    0  0.000207207  0.000027836
   12   11    0  0.000207207  0.000027836
    3  -16    0  0.000207207  0.000027836
    3   16    0  0.000207207  0.000027836
   16   -3    0  0.000207207  0.000027836
   -3  -16    0  0.000207207  0.000027836
   -3   16    0  0.000207207  0.000027836
  -16    3    0  0.000207207  0.000027836
  -16   -3    0  0.000207207  0.000027836
   16    3    0  0.000207207  0.000027836
   10  -13    0  0.000199287  0.000025689
  -13  -10    0  0.000199287  0.000025689
  -10   13    0  0.000199287  0.000025689
  -10  -13    0  0.000199287  0.000025689
   13   10    0  0.000199287  0.000025689
   10   13    0  0.000199287  0.000025689
  -13   10    0  0.000199287  0.000025689
   13  -10    0  0.000199287  0.000025689
  -16    4    0  0.000229372  0.000012250
    4  -16    0  0.000229372  0.000012250
   16    4    0  0.000229372  0.000012250
    4   16    0  0.000229372  0.000012250
  -16   -4    0  0.000229372  0.000012250
   -4   16    0  0.000229372  0.000012250
   -4  -16    0  0.000229372  0.000012250
   16   -4    0  0.000229372  0.000012250
   15   -7    0  0.000200808  0.000015180
   15    7    0  0.000200808  0.000015180
   -7  -15    0  0.000200808  0.000015180
   -7   15    0  0.000200808  0.000015180
    7  -15    0  0.000200808  0.000015180
  -15   -7    0  0.000200808  0.000015180
    7   15    0  0.000200808  0.000015180
  -15    7    0  0.000200808  0.000015180
  -14   -9    0  0.000184406  0.000021698
   -9   14    0  0.000184406  0.000021698
   14    9    0  0.000184406  0.000021698
    9   14    0  0.000184406  0.000021698
   14   -9    0  0.000184406  0.000021698
    9  -14    0  0.000184406  0.000021698
   -9  -14    0  0.000184406  0.000021698
  -14    9    0  0.000184406  0.000021698
   -5   16    0  0.000177419  0.000019846
   16    5    0  0.000177419  0.000019846
   -5  -16    0  0.000177419  0.000019846
    5  -16    0  0.000177419  0.000019846
  -16   -5    0  0.000177419  0.000019846
   16   -5    0  0.000177419  0.000019846
    5   16    0  0.000177419  0.000019846
  -16    5    0  0.000177419  0.000019846
  -12  -12    0  0.000192379  0.000006396
   12   12    0  0.000192379  0.000006396
  -12   12    0  0.000192379  0.000006396
   12  -12    0  0.000192379  0.000006396
   15    8    0  0.000164282  0.000016408
    0   17    0  0.000164282  0.000016408
  -15   -8    0  0.000164282  0.000016408
   17    0    0  0.000164282  0.000016408
   -8   15    0  0.000164282  0.000016408
   15   -8    0  0.000164282  0.000016408
    8  -15    0  0.000164282  0.000016408
    8   15    0  0.000164282  0.000016408
   -8  -15    0  0.000164282  0.000016408
  -15    8    0  0.000164282  0.000016408
  -17    0    0  0.000164282  0.000016408
    0  -17    0  0.000164282  0.000016408
  -13  -11    0  0.000170502  0.000009154
   13   11    0  0.000170502  0.000009154
  -13   11    0  0.000170502  0.000009154
   11  -13    0  0.000170502  0.000009154
   11   13    0  0.000170502  0.000009154
  -11   13    0  0.000170502  0.000009154
  -11  -13    0  0.000170502  0.000009154
   13  -11    0  0.000170502  0.000009154
    1  -17    0  0.000170502  0.000009154
   -1  -17    0  0.000170502  0.000009154
    1   17    0  0.000170502  0.000009154
   -1   17    0  0.000170502  0.000009154
   17    1    0  0.000170502  0.000009154
   17   -1    0  0.000170502  0.000009154
  -17    1    0  0.000170502  0.000009154
  -17   -1    0  0.000170502  0.000009154
    6  -16    0  0.000184237  0.000005136
   16    6    0  0.000184237  0.000005136
    6   16    0  0.000184237  0.000005136
   -6  -16    0  0.000184237  0.000005136
   -6   16    0  0.000184237  0.000005136
  -16    6    0  0.000184237  0.000005136
  -16   -6    0  0.000184237  0.000005136
   16   -6    0  0.000184237  0.000005136
   17    2    0  0.000158110  0.000014814
  -17   -2    0  0.000158110  0.000014814
  -17    2    0  0.000158110  0.000014814
   -2   17    0  0.000158110  0.000014814
    2   17    0  0.000158110  0.000014814
   -2  -17    0  0.000158110  0.000014814
   17   -2    0  0.000158110  0.000014814
    2  -17    0  0.000158110  0.000014814
   10  -14    0  0.000176487  0.000003949
  -14  -10    0  0.000176487  0.000003949
   14   10    0  0.000176487  0.000003949
  -10  -14    0  0.000176487  0.000003949
  -10   14    0  0.000176487  0.000003949
   10   14    0  0.000176487  0.000003949
   14  -10    0  0.000176487  0.000003949
  -14   10    0  0.000176487  0.000003949
  -17    3    0  0.000157309  0.000006607
    3  -17    0  0.000157309  0.000006607
   17    3    0  0.000157309  0.000006607
  -17   -3    0  0.000157309  0.000006607
   -3  -17    0  0.000157309  0.000006607
    3   17    0  0.000157309  0.000006607
   -3   17    0  0.000157309  0.000006607
   17   -3    0  0.000157309  0.000006607
  -16   -7    0  0.000141037  0.000010496
   16   -7    0  0.000141037  0.000010496
   -7   16    0  0.000141037  0.000010496
   16    7    0  0.000141037  0.000010496
   -7  -16    0  0.000141037  0.000010496
    7  -16    0  0.000141037  0.000010496
    7   16    0  0.000141037  0.000010496
  -16    7    0  0.000141037  0.000010496
  -17   -4    0  0.000141037  0.000010496
  -17    4    0  0.000141037  0.000010496
    4  -17    0  0.000141037  0.000010496
   -4   17    0  0.000141037  0.000010496
   17    4    0  0.000141037  0.000010496
    4   17    0  0.000141037  0.000010496
   -4  -17    0  0.000141037  0.000010496
   17   -4    0  0.000141037  0.000010496
   15   -9    0  0.000145250  0.000004330
  -15    9    0  0.000145250  0.000004330
   15    9    0  0.000145250  0.000004330
  -15   -9    0  0.000145250  0.000004330
   -9  -15    0  0.000145250  0.000004330
    9   15    0  0.000145250  0.000004330
   -9   15    0  0.000145250  0.000004330
    9  -15    0  0.000145250  0.000004330
   12  -13    0  0.000130760  0.000007970
  -13   12    0  0.000130760  0.000007970
  -12   13    0  0.000130760  0.000007970
   13  -12    0  0.000130760  0.000007970
  -12  -13    0  0.000130760  0.000007970
   13   12    0  0.000130760  0.000007970
   12   13    0  0.000130760  0.000007970
  -13  -12    0  0.000130760  0.000007970
  -17    5    0  0.000134214  0.000002298
   17   -5    0  0.000134214  0.000002298
   17    5    0  0.000134214  0.000002298
  -17   -5    0  0.000134214  0.000002298
    5   17    0  0.000134214  0.000002298
    5  -17    0  0.000134214  0.000002298
   -5   17    0  0.000134214  0.000002298
   -5  -17    0  0.000134214  0.000002298
   11   14    0  0.000125924  0.000006803
  -11  -14    0  0.000125924  0.000006803
   14   11    0  0.000125924  0.000006803
   14  -11    0  0.000125924  0.000006803
  -14  -11    0  0.000125924  0.000006803
   11  -14    0  0.000125924  0.000006803
  -11   14    0  0.000125924  0.000006803
  -14   11    0  0.000125924  0.000006803
   16   -8    0  0.000137106 -0.000001839
   -8  -16    0  0.000137106 -0.000001839
    8  -16    0  0.000137106 -0.000001839
   16    8    0  0.000137106 -0.000001839
  -16    8    0  0.000137106 -0.000001839
   -8   16    0  0.000137106 -0.000001839
    8   16    0  0.000137106 -0.000001839
  -16   -8    0  0.000137106 -0.000001839
  -18    0    0  0.000131565 -0.000002611
   18    0    0  0.000131565 -0.000002611
    0   18    0  0.000131565 -0.000002611
    0  -18    0  0.000131565 -0.000002611
  -15   10    0  0.000116817  0.000004650
   -1   18    0  0.000116817  0.000004650
   -6  -17    0  0.000116817  0.000004650
   10   15    0  0.000116817  0.000004650
   18   -1    0  0.000116817  0.000004650
  -15  -10    0  0.000116817  0.000004650
    1  -18    0  0.000116817  0.000004650
   15   10    0  0.000116817  0.000004650
    6   17    0  0.000116817  0.000004650
  -10  -15    0  0.000116817  0.000004650
   10  -15    0  0.000116817  0.000004650
  -18   -1    0  0.000116817  0.000004650
   18    1    0  0.000116817  0.000004650
  -18    1    0  0.000116817  0.000004650
   -1  -18    0  0.000116817  0.000004650
    1   18    0  0.000116817  0.000004650
   15  -10    0  0.000116817  0.000004650
   -6   17    0  0.000116817  0.000004650
   17   -6    0  0.000116817  0.000004650
   17    6    0  0.000116817  0.000004650
  -17   -6    0  0.000116817  0.000004650
  -17    6    0  0.000116817  0.000004650
    6  -17    0  0.000116817  0.000004650
  -10   15    0  0.000116817  0.000004650
   -2   18    0  0.000126276 -0.000003336
    2   18    0  0.000126276 -0.000003336
    2  -18    0  0.000126276 -0.000003336
   -2  -18    0  0.000126276 -0.000003336
   18    2    0  0.000126276 -0.000003336
   18   -2    0  0.000126276 -0.000003336
  -18   -2    0  0.000126276 -0.000003336
  -18    2    0  0.000126276 -0.000003336
   -3  -18    0  0.000108409  0.000002719
    3   18    0  0.000108409  0.000002719
   -3   18    0  0.000108409  0.000002719
  -18   -3    0  0.000108409  0.000002719
   18   -3    0  0.000108409  0.000002719
   18    3    0  0.000108409  0.000002719
  -18    3    0  0.000108409  0.000002719
    3  -18    0  0.000108409  0.000002719
  -16   -9    0  0.000104449  0.000001830
  -16    9    0  0.000104449  0.000001830
   16   -9    0  0.000104449  0.000001830
   -9   16    0  0.000104449  0.000001830
   16    9    0  0.000104449  0.000001830
    9  -16    0  0.000104449  0.000001830
    9   16    0  0.000104449  0.000001830
   -9  -16    0  0.000104449  0.000001830
   -7  -17    0  0.000106311 -0.000002549
  -13   13    0  0.000106311 -0.000002549
    7   17    0  0.000106311 -0.000002549
  -17   -7    0  0.000106311 -0.000002549
   13   13    0  0.000106311 -0.000002549
   17   -7    0  0.000106311 -0.000002549
  -13  -13    0  0.000106311 -0.000002549
   -7   17    0  0.000106311 -0.000002549
   17    7    0  0.000106311 -0.000002549
   13  -13    0  0.000106311 -0.000002549
  -17    7    0  0.000106311 -0.000002549
    7  -17    0  0.000106311 -0.000002549
    4   18    0  0.000111792 -0.000005247
   -4   18    0  0.000111792 -0.000005247
   -4  -18    0  0.000111792 -0.000005247
    4  -18    0  0.000111792 -0.000005247
   14  -12    0  0.000111792 -0.000005247
   14   12    0  0.000111792 -0.000005247
   12   14    0  0.000111792 -0.000005247
   18    4    0  0.000111792 -0.000005247
   18   -4    0  0.000111792 -0.000005247
  -14   12    0  0.000111792 -0.000005247
  -18    4    0  0.000111792 -0.000005247
  -12   14    0  0.000111792 -0.000005247
  -12  -14    0  0.000111792 -0.000005247
   12  -14    0  0.000111792 -0.000005247
  -18   -4    0  0.000111792 -0.000005247
  -14  -12    0  0.000111792 -0.000005247
  -15  -11    0  0.000098485 -0.000003812
  -15   11    0  0.000098485 -0.000003812
   15  -11    0  0.000098485 -0.000003812
  -11   15    0  0.000098485 -0.000003812
   11  -15    0  0.000098485 -0.000003812
   15   11    0  0.000098485 -0.000003812
  -11  -15    0  0.000098485 -0.000003812
   11   15    0  0.000098485 -0.000003812
    5   18    0  0.000093467 -0.000000552
   18   -5    0  0.000093467 -0.000000552
   -5  -18    0  0.000093467 -0.000000552
  -18    5    0  0.000093467 -0.000000552
   -5   18    0  0.000093467 -0.000000552
   18    5    0  0.000093467 -0.000000552
    5  -18    0  0.000093467 -0.000000552
  -18   -5    0  0.000093467 -0.000000552
  -17   -8    0  0.000090084 -0.000001258
   -8  -17    0  0.000090084 -0.000001258
  -17    8    0  0.000090084 -0.000001258
    8   17    0  0.000090084 -0.000001258
    8  -17    0  0.000090084 -0.000001258
   -8   17    0  0.000090084 -0.000001258
   17    8    0  0.000090084 -0.000001258
   17   -8    0  0.000090084 -0.000001258
   10  -16    0  0.000095293 -0.000007263
  -16   10    0  0.000095293 -0.000007263
  -16  -10    0  0.000095293 -0.000007263
   10   16    0  0.000095293 -0.000007263
   16  -10    0  0.000095293 -0.000007263
  -10   16    0  0.000095293 -0.000007263
  -10  -16    0  0.000095293 -0.000007263
   16   10    0  0.000095293 -0.000007263
   18   -6    0  0.000091606 -0.000007685
   -6  -18    0  0.000091606 -0.000007685
  -18    6    0  0.000091606 -0.000007685
  -18   -6    0  0.000091606 -0.000007685
    6   18    0  0.000091606 -0.000007685
    6  -18    0  0.000091606 -0.000007685
   18    6    0  0.000091606 -0.000007685
   -6   18    0  0.000091606 -0.000007685
  -19    0    0  0.000083704 -0.000002552
    0   19    0  0.000083704 -0.000002552
    0  -19    0  0.000083704 -0.000002552
   19    0    0  0.000083704 -0.000002552
   -1   19    0  0.000084656 -0.000005902
    1  -19    0  0.000084656 -0.000005902
   19    1    0  0.000084656 -0.000005902
   -1  -19    0  0.000084656 -0.000005902
  -19    1    0  0.000084656 -0.000005902
   19   -1    0  0.000084656 -0.000005902
  -19   -1    0  0.000084656 -0.000005902
    1   19    0  0.000084656 -0.000005902
  -14   13    0  0.000080695 -0.000003142
   14   13    0  0.000080695 -0.000003142
    2  -19    0  0.000080695 -0.000003142
  -19    2    0  0.000080695 -0.000003142
   14  -13    0  0.000080695 -0.000003142
   -2  -19    0  0.000080695 -0.000003142
  -13   14    0  0.000080695 -0.000003142
   -2   19    0  0.000080695 -0.000003142
    2   19    0  0.000080695 -0.000003142
   19    2    0  0.000080695 -0.000003142
   13  -14    0  0.000080695 -0.000003142
   19   -2    0  0.000080695 -0.000003142
  -14  -13    0  0.000080695 -0.000003142
  -13  -14    0  0.000080695 -0.000003142
  -19   -2    0  0.000080695 -0.000003142
   13   14    0  0.000080695 -0.000003142
  -15   12    0  0.000077800 -0.000003698
   15   12    0  0.000077800 -0.000003698
  -15  -12    0  0.000077800 -0.000003698
   12  -15    0  0.000077800 -0.000003698
   15  -12    0  0.000077800 -0.000003698
  -12   15    0  0.000077800 -0.000003698
   12   15    0  0.000077800 -0.000003698
  -12  -15    0  0.000077800 -0.000003698
   -3   19    0  0.000078547 -0.000006757
    3  -19    0  0.000078547 -0.000006757
   17   -9    0  0.000078547 -0.000006757
  -19    3    0  0.000078547 -0.000006757
    3   19    0  0.000078547 -0.000006757
   -9   17    0  0.000078547 -0.000006757
  -17   -9    0  0.000078547 -0.000006757
   17    9    0  0.000078547 -0.000006757
    9   17    0  0.000078547 -0.000006757
   -3  -19    0  0.000078547 -0.000006757
   19   -3    0  0.000078547 -0.000006757
    9  -17    0  0.000078547 -0.000006757
   -9  -17    0  0.000078547 -0.000006757
   19    3    0  0.000078547 -0.000006757
  -19   -3    0  0.000078547 -0.000006757
  -17    9    0  0.000078547 -0.000006757
   18   -7    0  0.000075016 -0.000004220
    7   18    0  0.000075016 -0.000004220
   -7   18    0  0.000075016 -0.000004220
  -18   -7    0  0.000075016 -0.000004220
   -7  -18    0  0.000075016 -0.000004220
   18    7    0  0.000075016 -0.000004220
    7  -18    0  0.000075016 -0.000004220
  -18    7    0  0.000075016 -0.000004220
   16   11    0  0.000072336 -0.000004709
  -16   11    0  0.000072336 -0.000004709
   16  -11    0  0.000072336 -0.000004709
   11   16    0  0.000072336 -0.000004709
  -16  -11    0  0.000072336 -0.000004709
  -11   16    0  0.000072336 -0.000004709
   11  -16    0  0.000072336 -0.000004709
  -11  -16    0  0.000072336 -0.000004709
    4  -19    0  0.000072336 -0.000004709
   -4  -19    0  0.000072336 -0.000004709
   -4   19    0  0.000072336 -0.000004709
   19   -4    0  0.000072336 -0.000004709
   19    4    0  0.000072336 -0.000004709
    4   19    0  0.000072336 -0.000004709
  -19   -4    0  0.000072336 -0.000004709
  -19    4    0  0.000072336 -0.000004709
