    0    0    0  0.000000000  0.003634082
   -1   -1   -1  0.044582454 -0.045996742
   -1   -1    1  0.040919600  0.049304500
    1    1   -1  0.044582454 -0.045996742
    1    1    1  0.040919600  0.049304500
    0    0    2 -0.004530697 -0.000174699
    0    0   -2 -0.004530697 -0.000174699
   -2   -2    0  0.059326778  0.003263710
    2    2    0  0.059326778  0.003263710
   -1   -1   -3  0.022358713  0.027454425
   -1   -1    3  0.025659652 -0.024469614
    1    1   -3  0.022358713  0.027454425
    1    1    3  0.025659652 -0.024469614
   -2   -2   -2 -0.001730768 -0.000156070
    2    2   -2 -0.001730768 -0.000156070
   -2   -2    2 -0.001730768 -0.000156070
    2    2    2 -0.001730768 -0.000156070
    0    0    4  0.040110365  0.002957257
    0    0   -4  0.040110365  0.002957257
    3    3    1  0.016104792  0.019785051
    3    3   -1  0.019102608 -0.017075117
   -3   -3    1  0.016104792  0.019785051
   -3   -3   -1  0.019102608 -0.017075117
    2    2   -4  0.030916621  0.002692831
   -2   -2   -4  0.030916621  0.002692831
    2    2    4  0.030916621  0.002692831
   -2   -2    4  0.030916621  0.002692831
    1    1    5  0.012655496  0.015718956
   -1   -1    5  0.012655496  0.015718956
    1    1   -5  0.015390446 -0.013249528
   -1   -1   -5  0.015390446 -0.013249528
   -3   -3   -3  0.012655496  0.015718956
   -3   -3    3  0.015390446 -0.013249528
    3    3   -3  0.012655496  0.015718956
    3    3    3  0.015390446 -0.013249528
   -4   -4    0  0.025214800  0.002459919
    4    4    0  0.025214800  0.002459919
    4    4    2 -0.000316645 -0.000122202
    4    4   -2 -0.000316645 -0.000122202
    0    0   -6 -0.000316645 -0.000122202
   -4   -4    2 -0.000316645 -0.000122202
    0    0    6 -0.000316645 -0.000122202
   -4   -4   -2 -0.000316645 -0.000122202
    3    3    5  0.008698760  0.011149031
    3    3   -5  0.010993811 -0.009083870
   -3   -3    5  0.008698760  0.011149031
   -3   -3   -5  0.010993811 -0.009083870
    2    2   -6 -0.000265805 -0.000113960
   -2   -2   -6 -0.000265805 -0.000113960
    2    2    6 -0.000265805 -0.000113960
   -2   -2    6 -0.000265805 -0.000113960
   -4   -4   -4  0.018154705  0.002065868
    4    4   -4  0.018154705  0.002065868
   -4   -4    4  0.018154705  0.002065868
    4    4    4  0.018154705  0.002065868
   -5   -5   -1  0.009528027 -0.007771797
    5    5    1  0.007419897  0.009665166
    5    5   -1  0.009528027 -0.007771797
   -5   -5    1  0.007419897  0.009665166
   -1   -1    7  0.009528027 -0.007771797
   -1   -1   -7  0.007419897  0.009665166
    1    1    7  0.009528027 -0.007771797
    1    1   -7  0.007419897  0.009665166
   -5   -5   -3  0.006405135  0.008475445
    5    5   -3  0.006405135  0.008475445
   -5   -5    3  0.008344081 -0.006737349
    5    5    3  0.008344081 -0.006737349
    0    0   -8  0.013810290  0.001744838
    0    0    8  0.013810290  0.001744838
    3    3    7  0.007366289 -0.005899379
    3    3   -7  0.005581079  0.007496646
   -3   -3   -7  0.005581079  0.007496646
   -3   -3    7  0.007366289 -0.005899379
    4    4   -6 -0.000223563 -0.000093196
   -4   -4    6 -0.000223563 -0.000093196
    4    4    6 -0.000223563 -0.000093196
   -4   -4   -6 -0.000223563 -0.000093196
    6    6    0  0.012199124  0.001605973
   -6   -6    0  0.012199124  0.001605973
    2    2   -8  0.012199124  0.001605973
   -2   -2   -8  0.012199124  0.001605973
    2    2    8  0.012199124  0.001605973
   -2   -2    8  0.012199124  0.001605973
