  0.000000000  0.000000000
  0.000000000  0.000000000
  0.433588833
  1.000000000  1.000000000
  1.000000000  1.673726652
  1.995143744
 -1.000000000 -1.000000000
  1.000000000  1.673726652
  1.995143744
 -1.000000000 -1.000000000
 -1.000000000  1.673726652
 -1.735716113
  1.000000000  1.000000000
 -1.000000000  1.673726652
 -1.735716113
  0.000000000  0.000000000
  2.000000000 -0.215200911
 -0.031970765
  0.000000000  0.000000000
 -2.000000000 -0.215200911
 -0.031970765
 -2.000000000 -2.000000000
  0.000000000  2.710319303
  0.412116216
  2.000000000  2.000000000
  0.000000000  2.710319303
  0.412116216
  1.000000000  1.000000000
  3.000000000  0.919603722
 -0.922845214
 -1.000000000 -1.000000000
  3.000000000  0.919603722
 -0.922845214
 -1.000000000 -1.000000000
 -3.000000000  0.919603722
  1.065383791
  1.000000000  1.000000000
 -3.000000000  0.919603722
  1.065383791
 -2.000000000 -2.000000000
  2.000000000 -0.065816460
 -0.005100776
 -2.000000000 -2.000000000
 -2.000000000 -0.065816460
 -0.005100776
  2.000000000  2.000000000
 -2.000000000 -0.065816460
 -0.005100776
  2.000000000  2.000000000
  2.000000000 -0.065816460
 -0.005100776
  0.000000000  0.000000000
 -4.000000000  1.887312239
  0.268582924
  0.000000000  0.000000000
  4.000000000  1.887312239
  0.268582924
 -3.000000000 -3.000000000
  1.000000000  0.659678074
  0.741443614
  3.000000000  3.000000000
  1.000000000  0.659678074
  0.741443614
  3.000000000  3.000000000
 -1.000000000  0.659678074
 -0.639193513
 -3.000000000 -3.000000000
 -1.000000000  0.659678074
 -0.639193513
 -2.000000000 -2.000000000
  4.000000000  1.169042614
  0.174707239
  2.000000000  2.000000000
 -4.000000000  1.169042614
  0.174707239
 -2.000000000 -2.000000000
 -4.000000000  1.169042614
  0.174707239
  2.000000000  2.000000000
  4.000000000  1.169042614
  0.174707239
 -3.000000000 -3.000000000
 -3.000000000  0.514130731
  0.570540435
 -1.000000000 -1.000000000
 -5.000000000  0.514130731
 -0.490850172
  1.000000000  1.000000000
  5.000000000  0.514130731
  0.570540435
 -1.000000000 -1.000000000
  5.000000000  0.514130731
  0.570540435
  3.000000000  3.000000000
 -3.000000000  0.514130731
  0.570540435
  1.000000000  1.000000000
 -5.000000000  0.514130731
 -0.490850172
  3.000000000  3.000000000
  3.000000000  0.514130731
 -0.490850172
 -3.000000000 -3.000000000
  3.000000000  0.514130731
 -0.490850172
 -4.000000000 -4.000000000
  0.000000000  0.693058002
  0.124145804
  4.000000000  4.000000000
  0.000000000  0.693058002
  0.124145804
 -4.000000000 -4.000000000
 -2.000000000 -0.010968013
 -0.000850021
  4.000000000  4.000000000
 -2.000000000 -0.010968013
 -0.000850021
 -4.000000000 -4.000000000
  2.000000000 -0.010968013
 -0.000850021
  4.000000000  4.000000000
  2.000000000 -0.010968013
 -0.000850021
  0.000000000  0.000000000
 -6.000000000 -0.010968013
 -0.000850021
  0.000000000  0.000000000
  6.000000000 -0.010968013
 -0.000850021
  3.000000000  3.000000000
  5.000000000  0.345554689
  0.381454083
 -3.000000000 -3.000000000
 -5.000000000  0.345554689
 -0.327893106
 -3.000000000 -3.000000000
  5.000000000  0.345554689
  0.381454083
  3.000000000  3.000000000
 -5.000000000  0.345554689
 -0.327893106
  2.000000000  2.000000000
  6.000000000 -0.008940325
 -0.000692875
 -2.000000000 -2.000000000
 -6.000000000 -0.008940325
 -0.000692875
 -2.000000000 -2.000000000
  6.000000000 -0.008940325
 -0.000692875
  2.000000000  2.000000000
 -6.000000000 -0.008940325
 -0.000692875
 -4.000000000 -4.000000000
  4.000000000  0.451366828
  0.082536303
  4.000000000  4.000000000
 -4.000000000  0.451366828
  0.082536303
  4.000000000  4.000000000
  4.000000000  0.451366828
  0.082536303
 -4.000000000 -4.000000000
 -4.000000000  0.451366828
  0.082536303
 -5.000000000 -5.000000000
 -1.000000000  0.290962322
 -0.276447331
  5.000000000  5.000000000
  1.000000000  0.290962322
  0.321546491
 -5.000000000 -5.000000000
  1.000000000  0.290962322
  0.321546491
  5.000000000  5.000000000
 -1.000000000  0.290962322
 -0.276447331
 -1.000000000 -1.000000000
 -7.000000000  0.290962322
  0.321546491
 -1.000000000 -1.000000000
  7.000000000  0.290962322
 -0.276447331
  1.000000000  1.000000000
 -7.000000000  0.290962322
  0.321546491
  1.000000000  1.000000000
  7.000000000  0.290962322
 -0.276447331
  5.000000000  5.000000000
 -3.000000000  0.247739674
  0.274370131
 -5.000000000 -5.000000000
 -3.000000000  0.247739674
  0.274370131
  5.000000000  5.000000000
  3.000000000  0.247739674
 -0.235970481
 -5.000000000 -5.000000000
  3.000000000  0.247739674
 -0.235970481
  0.000000000  0.000000000
  8.000000000  0.480022877
  0.073094920
  0.000000000  0.000000000
 -8.000000000  0.480022877
  0.073094920
 -3.000000000 -3.000000000
 -7.000000000  0.212772300
  0.236287298
 -3.000000000 -3.000000000
  7.000000000  0.212772300
 -0.203307592
  3.000000000  3.000000000
  7.000000000  0.212772300
 -0.203307592
  3.000000000  3.000000000
 -7.000000000  0.212772300
  0.236287298
 -4.000000000 -4.000000000
 -6.000000000 -0.006981120
 -0.000541037
  4.000000000  4.000000000
  6.000000000 -0.006981120
 -0.000541037
 -4.000000000 -4.000000000
  6.000000000 -0.006981120
 -0.000541037
  4.000000000  4.000000000
 -6.000000000 -0.006981120
 -0.000541037
 -2.000000000 -2.000000000
 -8.000000000  0.206704264
  0.048221388
 -2.000000000 -2.000000000
  8.000000000  0.206704264
  0.048221388
  2.000000000  2.000000000
  8.000000000  0.206704264
  0.048221388
  2.000000000  2.000000000
 -8.000000000  0.206704264
  0.048221388
  6.000000000  6.000000000
  0.000000000  0.206704264
  0.048221388
 -6.000000000 -6.000000000
  0.000000000  0.206704264
  0.048221388
 -5.000000000 -5.000000000
  5.000000000  0.184030986
  0.204984589
 -5.000000000 -5.000000000
 -5.000000000  0.184030986
 -0.176459786
  5.000000000  5.000000000
  5.000000000  0.184030986
  0.204984589
  5.000000000  5.000000000
 -5.000000000  0.184030986
 -0.176459786
  6.000000000  6.000000000
 -2.000000000 -0.006651216
 -0.000515469
 -6.000000000 -6.000000000
 -2.000000000 -0.006651216
 -0.000515469
 -6.000000000 -6.000000000
  2.000000000 -0.006651216
 -0.000515469
  6.000000000  6.000000000
  2.000000000 -0.006651216
 -0.000515469
 -1.000000000 -1.000000000
  9.000000000  0.160114941
  0.178896382
  1.000000000  1.000000000
 -9.000000000  0.160114941
 -0.154078566
  1.000000000  1.000000000
  9.000000000  0.160114941
  0.178896382
 -1.000000000 -1.000000000
 -9.000000000  0.160114941
 -0.154078566
  6.000000000  6.000000000
  4.000000000  0.264480052
  0.039668555
 -6.000000000 -6.000000000
 -4.000000000  0.264480052
  0.039668555
  6.000000000  6.000000000
 -4.000000000  0.264480052
  0.039668555
 -6.000000000 -6.000000000
  4.000000000  0.264480052
  0.039668555
  4.000000000  4.000000000
  8.000000000  0.302634144
  0.043226143
 -4.000000000 -4.000000000
  8.000000000  0.302634144
  0.043226143
 -4.000000000 -4.000000000
 -8.000000000  0.302634144
  0.043226143
  4.000000000  4.000000000
 -8.000000000  0.302634144
  0.043226143
 -3.000000000 -3.000000000
 -9.000000000  0.122983610
 -0.119162229
  3.000000000  3.000000000
  9.000000000  0.122983610
  0.138224688
 -3.000000000 -3.000000000
  9.000000000  0.122983610
  0.138224688
  3.000000000  3.000000000
 -9.000000000  0.122983610
 -0.119162229
  7.000000000  7.000000000
  1.000000000  0.122983610
  0.138224688
  7.000000000  7.000000000
 -1.000000000  0.122983610
 -0.119162229
  5.000000000  5.000000000
  7.000000000  0.122983610
 -0.119162229
 -7.000000000 -7.000000000
 -1.000000000  0.122983610
 -0.119162229
 -5.000000000 -5.000000000
  7.000000000  0.122983610
 -0.119162229
 -5.000000000 -5.000000000
 -7.000000000  0.122983610
  0.138224688
