    0    0    0  0.000000000  0.002976744
   -1   -1    1  0.041486665  0.049438094
    1    1    1  0.041486665  0.049438094
   -1   -1   -1  0.044268373 -0.046466515
    1    1   -1  0.044268373 -0.046466515
    0    0    2 -0.004742006  0.000091522
    0    0   -2 -0.004742006  0.000091522
   -2   -2    0  0.060077728  0.002726752
    2    2    0  0.060077728  0.002726752
    1    1    3  0.025558384 -0.025212973
    1    1   -3  0.022982989  0.027926653
   -1   -1   -3  0.022982989  0.027926653
   -1   -1    3  0.025558384 -0.025212973
   -2   -2   -2 -0.002088472  0.000066132
    2    2    2 -0.002088472  0.000066132
    2    2   -2 -0.002088472  0.000066132
   -2   -2    2 -0.002088472  0.000066132
    0    0   -4  0.041125568  0.002517492
    0    0    4  0.041125568  0.002517492
   -3   -3   -1  0.019136215 -0.017935393
    3    3    1  0.016736168  0.020427950
   -3   -3    1  0.016736168  0.020427950
    3    3   -1  0.019136215 -0.017935393
   -2   -2   -4  0.032094607  0.002334737
    2    2    4  0.032094607  0.002334737
   -2   -2    4  0.032094607  0.002334737
    2    2   -4  0.032094607  0.002334737
   -1   -1   -5  0.015523614 -0.014181983
    1    1    5  0.013278071  0.016479561
   -1   -1    5  0.013278071  0.016479561
    1    1   -5  0.015523614 -0.014181983
    3    3   -3  0.013278071  0.016479561
   -3   -3   -3  0.013278071  0.016479561
   -3   -3    3  0.015523614 -0.014181983
    3    3    3  0.015523614 -0.014181983
   -4   -4    0  0.026503213  0.002171797
    4    4    0  0.026503213  0.002171797
    0    0    6 -0.000825654  0.000006193
   -4   -4   -2 -0.000825654  0.000006193
    4    4   -2 -0.000825654  0.000006193
    4    4    2 -0.000825654  0.000006193
    0    0   -6 -0.000825654  0.000006193
   -4   -4    2 -0.000825654  0.000006193
   -3   -3    5  0.009281962  0.012057220
    3    3    5  0.009281962  0.012057220
   -3   -3   -5  0.011262438 -0.010091296
    3    3   -5  0.011262438 -0.010091296
   -2   -2   -6 -0.000800461 -0.000009072
   -2   -2    6 -0.000800461 -0.000009072
    2    2    6 -0.000800461 -0.000009072
    2    2   -6 -0.000800461 -0.000009072
    4    4   -4  0.019565893  0.001891097
    4    4    4  0.019565893  0.001891097
   -4   -4    4  0.019565893  0.001891097
   -4   -4   -4  0.019565893  0.001891097
    5    5    1  0.007978035  0.010617513
   -5   -5    1  0.007978035  0.010617513
    5    5   -1  0.009842844 -0.008794316
   -5   -5   -1  0.009842844 -0.008794316
   -1   -1   -7  0.007978035  0.010617513
    1    1    7  0.009842844 -0.008794316
   -1   -1    7  0.009842844 -0.008794316
    1    1   -7  0.007978035  0.010617513
    5    5    3  0.008694911 -0.007765047
   -5   -5    3  0.008694911 -0.007765047
   -5   -5   -3  0.006936678  0.009458147
    5    5   -3  0.006936678  0.009458147
    0    0    8  0.015263675  0.001656618
    0    0   -8  0.015263675  0.001656618
   -3   -3    7  0.007745051 -0.006924824
    3    3    7  0.007745051 -0.006924824
    3    3   -7  0.006085430  0.008498918
   -3   -3   -7  0.006085430  0.008498918
    4    4    6 -0.000796615 -0.000043937
    4    4   -6 -0.000796615 -0.000043937
   -4   -4   -6 -0.000796615 -0.000043937
   -4   -4    6 -0.000796615 -0.000043937
   -2   -2    8  0.013654796  0.001553198
    2    2   -8  0.013654796  0.001553198
   -2   -2   -8  0.013654796  0.001553198
    2    2    8  0.013654796  0.001553198
   -6   -6    0  0.013654796  0.001553198
    6    6    0  0.013654796  0.001553198
    5    5   -5  0.006945687 -0.006224539
   -5   -5   -5  0.006945687 -0.006224539
    5    5    5  0.005377618  0.007689448
   -5   -5    5  0.005377618  0.007689448
   -6   -6   -2 -0.000794974 -0.000052593
    6    6    2 -0.000794974 -0.000052593
    6    6   -2 -0.000794974 -0.000052593
   -6   -6    2 -0.000794974 -0.000052593
    1    1    9  0.004781283  0.006995957
    1    1   -9  0.006264122 -0.005631474
   -1   -1   -9  0.006264122 -0.005631474
   -1   -1    9  0.004781283  0.006995957
    6    6   -4  0.011128671  0.001369128
   -6   -6   -4  0.011128671  0.001369128
    6    6    4  0.011128671  0.001369128
   -6   -6    4  0.011128671  0.001369128
   -4   -4   -8  0.010120513  0.001286972
   -4   -4    8  0.010120513  0.001286972
    4    4   -8  0.010120513  0.001286972
    4    4    8  0.010120513  0.001286972
   -5   -5   -7  0.003837395  0.005868239
    5    5   -7  0.003837395  0.005868239
   -5   -5    7  0.005166336 -0.004681826
    5    5    7  0.005166336 -0.004681826
    7    7    1  0.003837395  0.005868239
   -7   -7    1  0.003837395  0.005868239
    3    3    9  0.003837395  0.005868239
   -3   -3   -9  0.005166336 -0.004681826
    7    7   -1  0.005166336 -0.004681826
    3    3   -9  0.005166336 -0.004681826
   -3   -3    9  0.003837395  0.005868239
   -7   -7   -1  0.005166336 -0.004681826
    0    0   10 -0.000771689 -0.000071898
    0    0  -10 -0.000771689 -0.000071898
    7    7   -3  0.003459959  0.005403601
    7    7    3  0.004719243 -0.004296287
   -7   -7    3  0.004719243 -0.004296287
   -7   -7   -3  0.003459959  0.005403601
   -2   -2  -10 -0.000758591 -0.000076521
   -2   -2   10 -0.000758591 -0.000076521
    2    2   10 -0.000758591 -0.000076521
    2    2  -10 -0.000758591 -0.000076521
    6    6    6 -0.000758591 -0.000076521
   -6   -6    6 -0.000758591 -0.000076521
    6    6   -6 -0.000758591 -0.000076521
   -6   -6   -6 -0.000758591 -0.000076521
   -7   -7    5  0.002843157  0.004621615
   -7   -7   -5  0.003975696 -0.003655607
    1    1   11  0.003975696 -0.003655607
    1    1  -11  0.002843157  0.004621615
   -1   -1   11  0.003975696 -0.003655607
    7    7   -5  0.003975696 -0.003655607
    7    7    5  0.002843157  0.004621615
   -1   -1  -11  0.002843157  0.004621615
    8    8    0  0.007176301  0.001011005
   -8   -8    0  0.007176301  0.001011005
    5    5   -9  0.003664294 -0.003387205
    5    5    9  0.002589510  0.004290023
   -5   -5   -9  0.003664294 -0.003387205
   -5   -5    9  0.002589510  0.004290023
   -4   -4  -10 -0.000709467 -0.000086285
    4    4  -10 -0.000709467 -0.000086285
    4    4   10 -0.000709467 -0.000086285
   -4   -4   10 -0.000709467 -0.000086285
   -8   -8   -2 -0.000709467 -0.000086285
    8    8   -2 -0.000709467 -0.000086285
    8    8    2 -0.000709467 -0.000086285
   -8   -8    2 -0.000709467 -0.000086285
    6    6    8  0.006633015  0.000952999
    6    6   -8  0.006633015  0.000952999
   -6   -6    8  0.006633015  0.000952999
   -6   -6   -8  0.006633015  0.000952999
    3    3  -11  0.002365099  0.003990782
    3    3   11  0.003385490 -0.003146744
   -3   -3   11  0.003385490 -0.003146744
   -3   -3  -11  0.002365099  0.003990782
    8    8   -4  0.006145366  0.000898684
    0    0  -12  0.006145366  0.000898684
    8    8    4  0.006145366  0.000898684
    0    0   12  0.006145366  0.000898684
   -8   -8    4  0.006145366  0.000898684
   -8   -8   -4  0.006145366  0.000898684
   -7   -7   -7  0.002165709  0.003719665
    7    7    7  0.003134820 -0.002930363
   -7   -7    7  0.003134820 -0.002930363
    7    7   -7  0.002165709  0.003719665
    2    2  -12  0.005705908  0.000847769
    2    2   12  0.005705908  0.000847769
   -2   -2   12  0.005705908  0.000847769
   -2   -2  -12  0.005705908  0.000847769
    9    9    1  0.001828656  0.003248316
   -9   -9   -1  0.002703658 -0.002557634
    9    9   -1  0.002703658 -0.002557634
   -9   -9    1  0.001828656  0.003248316
   -8   -8   -6 -0.000634451 -0.000092254
   -8   -8    6 -0.000634451 -0.000092254
    8    8    6 -0.000634451 -0.000092254
    8    8   -6 -0.000634451 -0.000092254
    5    5  -11  0.001685668  0.003042634
   -5   -5  -11  0.001685668  0.003042634
   -5   -5   11  0.002517453 -0.002396401
   -1   -1   13  0.001685668  0.003042634
    1    1  -13  0.002517453 -0.002396401
    5    5   11  0.002517453 -0.002396401
   -1   -1  -13  0.002517453 -0.002396401
    1    1   13  0.001685668  0.003042634
    9    9    3  0.002517453 -0.002396401
    9    9   -3  0.001685668  0.003042634
   -9   -9   -3  0.001685668  0.003042634
   -9   -9    3  0.002517453 -0.002396401
    6    6  -10 -0.000615614 -0.000092832
   -6   -6  -10 -0.000615614 -0.000092832
    6    6   10 -0.000615614 -0.000092832
   -6   -6   10 -0.000615614 -0.000092832
    4    4   12  0.004619478  0.000712957
   -4   -4  -12  0.004619478  0.000712957
    4    4  -12  0.004619478  0.000712957
   -4   -4   12  0.004619478  0.000712957
    7    7   -9  0.002347748 -0.002249288
    7    7    9  0.001556850  0.002853985
   -7   -7   -9  0.002347748 -0.002249288
   -7   -7    9  0.001556850  0.002853985
    3    3   13  0.001440466  0.002680537
   -3   -3   13  0.001440466  0.002680537
   -3   -3  -13  0.002192651 -0.002114682
    3    3  -13  0.002192651 -0.002114682
   -9   -9    5  0.001440466  0.002680537
    9    9   -5  0.002192651 -0.002114682
    9    9    5  0.001440466  0.002680537
   -9   -9   -5  0.002192651 -0.002114682
   -8   -8    8  0.004045599  0.000635943
   -8   -8   -8  0.004045599  0.000635943
    8    8   -8  0.004045599  0.000635943
    8    8    8  0.004045599  0.000635943
    0    0   14 -0.000560959 -0.000092965
    0    0  -14 -0.000560959 -0.000092965
   10   10    0  0.003794036  0.000600765
  -10  -10    0  0.003794036  0.000600765
   10   10    2 -0.000543580 -0.000092571
   10   10   -2 -0.000543580 -0.000092571
  -10  -10   -2 -0.000543580 -0.000092571
  -10  -10    2 -0.000543580 -0.000092571
    2    2  -14 -0.000543580 -0.000092571
   -2   -2   14 -0.000543580 -0.000092571
    2    2   14 -0.000543580 -0.000092571
   -2   -2  -14 -0.000543580 -0.000092571
   -9   -9    7  0.001799885 -0.001772992
    9    9    7  0.001799885 -0.001772992
   -9   -9   -7  0.001152143  0.002236574
    9    9   -7  0.001152143  0.002236574
  -10  -10   -4  0.003349633  0.000536329
   10   10   -4  0.003349633  0.000536329
  -10  -10    4  0.003349633  0.000536329
   10   10    4  0.003349633  0.000536329
    6    6   12  0.003349633  0.000536329
    6    6  -12  0.003349633  0.000536329
   -6   -6  -12  0.003349633  0.000536329
   -6   -6   12  0.003349633  0.000536329
    5    5  -13  0.001689073 -0.001676324
   -5   -5   13  0.001072643  0.002110015
    5    5   13  0.001072643  0.002110015
   -5   -5  -13  0.001689073 -0.001676324
    7    7   11  0.001689073 -0.001676324
    7    7  -11  0.001072643  0.002110015
   -7   -7   11  0.001689073 -0.001676324
   -7   -7  -11  0.001072643  0.002110015
    1    1   15  0.001586665 -0.001586857
    1    1  -15  0.000999973  0.001992515
   -1   -1  -15  0.000999973  0.001992515
   -1   -1   15  0.001586665 -0.001586857
   -8   -8  -10 -0.000494410 -0.000090402
   -4   -4  -14 -0.000494410 -0.000090402
    4    4  -14 -0.000494410 -0.000090402
   -4   -4   14 -0.000494410 -0.000090402
    8    8   10 -0.000494410 -0.000090402
    4    4   14 -0.000494410 -0.000090402
    8    8  -10 -0.000494410 -0.000090402
   -8   -8   10 -0.000494410 -0.000090402
  -10  -10   -6 -0.000479044 -0.000089411
  -10  -10    6 -0.000479044 -0.000089411
   10   10   -6 -0.000479044 -0.000089411
   10   10    6 -0.000479044 -0.000089411
   -3   -3   15  0.001403930 -0.001426827
    3    3   15  0.001403930 -0.001426827
    3    3  -15  0.000872354  0.001781493
   -3   -3  -15  0.000872354  0.001781493
   -9   -9    9  0.000872354  0.001781493
    9    9   -9  0.001403930 -0.001426827
  -11  -11   -1  0.001403930 -0.001426827
   11   11   -1  0.001403930 -0.001426827
   -9   -9   -9  0.001403930 -0.001426827
    9    9    9  0.000872354  0.001781493
  -11  -11    1  0.000872354  0.001781493
   11   11    1  0.000872354  0.001781493
   11   11   -3  0.000816232  0.001686593
  -11  -11    3  0.001322262 -0.001355110
  -11  -11   -3  0.000816232  0.001686593
   11   11    3  0.001322262 -0.001355110
    0    0   16  0.002500442  0.000404206
    0    0  -16  0.002500442  0.000404206
  -10  -10    8  0.002365065  0.000381951
   10   10    8  0.002365065  0.000381951
  -10  -10   -8  0.002365065  0.000381951
   10   10   -8  0.002365065  0.000381951
   -2   -2   16  0.002365065  0.000381951
    2    2  -16  0.002365065  0.000381951
    2    2   16  0.002365065  0.000381951
   -2   -2  -16  0.002365065  0.000381951
  -11  -11    5  0.000716938  0.001515101
   -7   -7  -13  0.001175526 -0.001225856
   11   11   -5  0.001175526 -0.001225856
    7    7   13  0.000716938  0.001515101
   -7   -7   13  0.000716938  0.001515101
   11   11    5  0.000716938  0.001515101
    7    7  -13  0.001175526 -0.001225856
  -11  -11   -5  0.001175526 -0.001225856
   -6   -6   14 -0.000422600 -0.000084500
    6    6   14 -0.000422600 -0.000084500
   -6   -6  -14 -0.000422600 -0.000084500
    6    6  -14 -0.000422600 -0.000084500
   -8   -8  -12  0.002238872  0.000360891
   -8   -8   12  0.002238872  0.000360891
    8    8   12  0.002238872  0.000360891
    8    8  -12  0.002238872  0.000360891
    5    5   15  0.001109519 -0.001167509
   -5   -5   15  0.001109519 -0.001167509
   -5   -5  -15  0.000672960  0.001437523
    5    5  -15  0.000672960  0.001437523
   -9   -9  -11  0.000632300  0.001364812
    9    9  -11  0.000632300  0.001364812
   -9   -9   11  0.001047875 -0.001112879
    9    9   11  0.001047875 -0.001112879
   -4   -4  -16  0.002010998  0.000322076
    4    4   16  0.002010998  0.000322076
  -12  -12    0  0.002010998  0.000322076
    4    4  -16  0.002010998  0.000322076
   12   12    0  0.002010998  0.000322076
   -4   -4   16  0.002010998  0.000322076
    1    1   17  0.000594658  0.001296591
   -1   -1   17  0.000594658  0.001296591
   -1   -1  -17  0.000990238 -0.001061659
    1    1  -17  0.000990238 -0.001061659
   11   11    7  0.000990238 -0.001061659
  -11  -11   -7  0.000594658  0.001296591
  -11  -11    7  0.000990238 -0.001061659
   11   11   -7  0.000594658  0.001296591
   12   12   -2 -0.000385196 -0.000080134
   12   12    2 -0.000385196 -0.000080134
  -12  -12    2 -0.000385196 -0.000080134
  -12  -12   -2 -0.000385196 -0.000080134
   10   10   10 -0.000373587 -0.000078597
  -10  -10  -10 -0.000373587 -0.000078597
  -10  -10   10 -0.000373587 -0.000078597
   10   10  -10 -0.000373587 -0.000078597
  -12  -12   -4  0.001811496  0.000287248
   12   12    4  0.001811496  0.000287248
   12   12   -4  0.001811496  0.000287248
  -12  -12    4  0.001811496  0.000287248
    3    3  -17  0.000885738 -0.000968372
    3    3   17  0.000527386  0.001172271
   -3   -3   17  0.000527386  0.001172271
   -3   -3  -17  0.000885738 -0.000968372
   -7   -7   15  0.000793811 -0.000885751
    7    7  -15  0.000469322  0.001062179
    7    7   15  0.000793811 -0.000885751
   -7   -7  -15  0.000469322  0.001062179
  -11  -11   -9  0.000793811 -0.000885751
   11   11   -9  0.000793811 -0.000885751
  -11  -11    9  0.000469322  0.001062179
   11   11    9  0.000469322  0.001062179
   12   12   -6 -0.000341111 -0.000073828
  -12  -12    6 -0.000341111 -0.000073828
  -12  -12   -6 -0.000341111 -0.000073828
   12   12    6 -0.000341111 -0.000073828
    0    0   18 -0.000341111 -0.000073828
    0    0  -18 -0.000341111 -0.000073828
   -8   -8   14 -0.000341111 -0.000073828
   -8   -8  -14 -0.000341111 -0.000073828
    8    8  -14 -0.000341111 -0.000073828
    8    8   14 -0.000341111 -0.000073828
   -6   -6   16  0.001556214  0.000241525
    6    6   16  0.001556214  0.000241525
   -6   -6  -16  0.001556214  0.000241525
    6    6  -16  0.001556214  0.000241525
    9    9   13  0.000443271  0.001011838
    9    9  -13  0.000751985 -0.000847942
   -9   -9  -13  0.000751985 -0.000847942
   -9   -9   13  0.000443271  0.001011838
    2    2  -18 -0.000331019 -0.000072206
   -2   -2  -18 -0.000331019 -0.000072206
    2    2   18 -0.000331019 -0.000072206
   -2   -2   18 -0.000331019 -0.000072206
   13   13   -1  0.000712650 -0.000812240
   13   13    1  0.000418992  0.000964340
  -13  -13    1  0.000418992  0.000964340
  -13  -13   -1  0.000712650 -0.000812240
    5    5   17  0.000418992  0.000964340
    5    5  -17  0.000712650 -0.000812240
   -5   -5   17  0.000418992  0.000964340
   -5   -5  -17  0.000712650 -0.000812240
   10   10   12  0.001410421  0.000214840
  -10  -10  -12  0.001410421  0.000214840
   10   10  -12  0.001410421  0.000214840
  -10  -10   12  0.001410421  0.000214840
   13   13   -3  0.000396343  0.000919490
   13   13    3  0.000675627 -0.000778491
  -13  -13   -3  0.000396343  0.000919490
  -13  -13    3  0.000675627 -0.000778491
   12   12    8  0.001343799  0.000202513
   12   12   -8  0.001343799  0.000202513
  -12  -12    8  0.001343799  0.000202513
  -12  -12   -8  0.001343799  0.000202513
    4    4   18 -0.000302737 -0.000067300
   -4   -4   18 -0.000302737 -0.000067300
   -4   -4  -18 -0.000302737 -0.000067300
    4    4  -18 -0.000302737 -0.000067300
   -1   -1   19  0.000607883 -0.000716315
   -1   -1  -19  0.000355431  0.000837029
    1    1  -19  0.000355431  0.000837029
    1    1   19  0.000607883 -0.000716315
   13   13    5  0.000355431  0.000837029
  -13  -13    5  0.000355431  0.000837029
   13   13   -5  0.000607883 -0.000716315
  -13  -13   -5  0.000607883 -0.000716315
  -11  -11  -11  0.000355431  0.000837029
   11   11  -11  0.000355431  0.000837029
  -11  -11   11  0.000607883 -0.000716315
   11   11   11  0.000607883 -0.000716315
    3    3  -19  0.000319640  0.000763184
    3    3   19  0.000547611 -0.000660441
   -3   -3   19  0.000547611 -0.000660441
   -3   -3  -19  0.000319640  0.000763184
   -8   -8  -16  0.001112689  0.000159164
    8    8  -16  0.001112689  0.000159164
    8    8   16  0.001112689  0.000159164
   -8   -8   16  0.001112689  0.000159164
  -13  -13   -7  0.000303427  0.000729151
   -7   -7   17  0.000303427  0.000729151
    7    7  -17  0.000519970 -0.000634608
   13   13   -7  0.000303427  0.000729151
    9    9   15  0.000519970 -0.000634608
   -9   -9  -15  0.000303427  0.000729151
  -13  -13    7  0.000519970 -0.000634608
   -7   -7  -17  0.000519970 -0.000634608
    7    7   17  0.000303427  0.000729151
   -9   -9   15  0.000519970 -0.000634608
   13   13    7  0.000519970 -0.000634608
    9    9  -15  0.000303427  0.000729151
  -12  -12  -10 -0.000269198 -0.000060799
  -12  -12   10 -0.000269198 -0.000060799
   12   12  -10 -0.000269198 -0.000060799
   12   12   10 -0.000269198 -0.000060799
  -14  -14    0  0.001062593  0.000149662
   14   14    0  0.001062593  0.000149662
  -10  -10  -14 -0.000261481 -0.000059198
   10   10  -14 -0.000261481 -0.000059198
   10   10   14 -0.000261481 -0.000059198
  -10  -10   14 -0.000261481 -0.000059198
  -14  -14    2 -0.000261481 -0.000059198
    6    6  -18 -0.000261481 -0.000059198
   14   14    2 -0.000261481 -0.000059198
   -6   -6   18 -0.000261481 -0.000059198
   -6   -6  -18 -0.000261481 -0.000059198
    6    6   18 -0.000261481 -0.000059198
   14   14   -2 -0.000261481 -0.000059198
  -14  -14   -2 -0.000261481 -0.000059198
    0    0  -20  0.001015171  0.000140638
    0    0   20  0.001015171  0.000140638
    2    2  -20  0.000970250  0.000132069
   -2   -2  -20  0.000970250  0.000132069
   -2   -2   20  0.000970250  0.000132069
    2    2   20  0.000970250  0.000132069
   14   14    4  0.000970250  0.000132069
  -14  -14    4  0.000970250  0.000132069
   14   14   -4  0.000970250  0.000132069
  -14  -14   -4  0.000970250  0.000132069
    5    5  -19  0.000260573  0.000637206
    5    5   19  0.000445778 -0.000564475
   -5   -5  -19  0.000260573  0.000637206
   -5   -5   19  0.000445778 -0.000564475
  -11  -11  -13  0.000445778 -0.000564475
  -11  -11   13  0.000260573  0.000637206
   11   11  -13  0.000445778 -0.000564475
   11   11   13  0.000260573  0.000637206
   13   13    9  0.000247991  0.000609604
  -13  -13    9  0.000247991  0.000609604
   13   13   -9  0.000423657 -0.000543301
  -13  -13   -9  0.000423657 -0.000543301
   14   14   -6 -0.000232975 -0.000052954
  -14  -14   -6 -0.000232975 -0.000052954
   14   14    6 -0.000232975 -0.000052954
  -14  -14    6 -0.000232975 -0.000052954
    4    4   20  0.000848960  0.000108857
   -4   -4   20  0.000848960  0.000108857
    4    4  -20  0.000848960  0.000108857
   -4   -4  -20  0.000848960  0.000108857
   12   12  -12  0.000848960  0.000108857
  -12  -12  -12  0.000848960  0.000108857
  -12  -12   12  0.000848960  0.000108857
   12   12   12  0.000848960  0.000108857
  -15  -15    1  0.000204680  0.000512137
  -15  -15   -1  0.000346195 -0.000467933
   15   15    1  0.000204680  0.000512137
   15   15   -1  0.000346195 -0.000467933
   -9   -9  -17  0.000346195 -0.000467933
    9    9  -17  0.000346195 -0.000467933
    9    9   17  0.000204680  0.000512137
   -9   -9   17  0.000204680  0.000512137
    8    8  -18 -0.000213835 -0.000048473
   -8   -8   18 -0.000213835 -0.000048473
   -8   -8  -18 -0.000213835 -0.000048473
    8    8   18 -0.000213835 -0.000048473
   10   10   16  0.000745126  0.000088964
  -14  -14   -8  0.000745126  0.000088964
