    0    0    0  0.000000000  0.003053648
   -1   -1    1  0.041410354  0.049375234
    1    1    1  0.041410354  0.049375234
   -1   -1   -1  0.044362540 -0.046429488
    1    1   -1  0.044362540 -0.046429488
    0    0    2 -0.004671157 -0.000004576
    0    0   -2 -0.004671157 -0.000004576
   -2   -2    0  0.060005816  0.002792298
    2    2    0  0.060005816  0.002792298
    1    1    3  0.025649430 -0.025122278
    1    1   -3  0.022929012  0.027814692
   -1   -1   -3  0.022929012  0.027814692
   -1   -1    3  0.025649430 -0.025122278
   -2   -2   -2 -0.001964010 -0.000015335
    2    2    2 -0.001964010 -0.000015335
    2    2   -2 -0.001964010 -0.000015335
   -2   -2    2 -0.001964010 -0.000015335
    0    0   -4  0.041029450  0.002573777
    0    0    4  0.041029450  0.002573777
   -3   -3   -1  0.019221798 -0.017817944
    3    3    1  0.016697916  0.020293042
   -3   -3    1  0.016697916  0.020293042
    3    3   -1  0.019221798 -0.017817944
   -2   -2   -4  0.031983109  0.002383123
    2    2    4  0.031983109  0.002383123
   -2   -2    4  0.031983109  0.002383123
    2    2   -4  0.031983109  0.002383123
   -1   -1   -5  0.015603420 -0.014045976
    1    1    5  0.013252281  0.016329348
   -1   -1    5  0.013252281  0.016329348
    1    1   -5  0.015603420 -0.014045976
    3    3   -3  0.013252281  0.016329348
   -3   -3   -3  0.013252281  0.016329348
   -3   -3    3  0.015603420 -0.014045976
    3    3    3  0.015603420 -0.014045976
   -4   -4    0  0.026380508  0.002213286
    4    4    0  0.026380508  0.002213286
    0    0    6 -0.000639573 -0.000043222
   -4   -4   -2 -0.000639573 -0.000043222
    4    4   -2 -0.000639573 -0.000043222
    4    4    2 -0.000639573 -0.000043222
    0    0   -6 -0.000639573 -0.000043222
   -4   -4    2 -0.000639573 -0.000043222
   -3   -3    5  0.009274918  0.011888568
    3    3    5  0.009274918  0.011888568
   -3   -3   -5  0.011330879 -0.009931587
    3    3   -5  0.011330879 -0.009931587
   -2   -2   -6 -0.000604534 -0.000050317
   -2   -2    6 -0.000604534 -0.000050317
    2    2    6 -0.000604534 -0.000050317
    2    2   -6 -0.000604534 -0.000050317
    4    4   -4  0.019428860  0.001921037
    4    4    4  0.019428860  0.001921037
   -4   -4    4  0.019428860  0.001921037
   -4   -4   -4  0.019428860  0.001921037
    5    5    1  0.007978180  0.010443684
   -5   -5    1  0.007978180  0.010443684
    5    5   -1  0.009905883 -0.008627287
   -5   -5   -1  0.009905883 -0.008627287
   -1   -1   -7  0.007978180  0.010443684
    1    1    7  0.009905883 -0.008627287
   -1   -1    7  0.009905883 -0.008627287
    1    1   -7  0.007978180  0.010443684
    5    5    3  0.008752793 -0.007592817
   -5   -5    3  0.008752793 -0.007592817
   -5   -5   -3  0.006942929  0.009280995
    5    5   -3  0.006942929  0.009280995
    0    0    8  0.015119327  0.001677278
    0    0   -8  0.015119327  0.001677278
   -3   -3    7  0.007798043 -0.006749056
    3    3    7  0.007798043 -0.006749056
    3    3   -7  0.006096895  0.008319874
   -3   -3   -7  0.006096895  0.008319874
    4    4    6 -0.000586731 -0.000065649
    4    4   -6 -0.000586731 -0.000065649
   -4   -4   -6 -0.000586731 -0.000065649
   -4   -4    6 -0.000586731 -0.000065649
   -2   -2    8  0.013508534  0.001569893
    2    2   -8  0.013508534  0.001569893
   -2   -2   -8  0.013508534  0.001569893
    2    2    8  0.013508534  0.001569893
   -6   -6    0  0.013508534  0.001569893
    6    6    0  0.013508534  0.001569893
    5    5   -5  0.006994064 -0.006046552
   -5   -5   -5  0.006994064 -0.006046552
    5    5    5  0.005393549  0.007509631
   -5   -5    5  0.005393549  0.007509631
   -6   -6   -2 -0.000583826 -0.000069113
    6    6    2 -0.000583826 -0.000069113
    6    6   -2 -0.000583826 -0.000069113
   -6   -6    2 -0.000583826 -0.000069113
    1    1    9  0.004801050  0.006816246
    1    1   -9  0.006308159 -0.005452324
   -1   -1   -9  0.006308159 -0.005452324
   -1   -1    9  0.004801050  0.006816246
    6    6   -4  0.010980990  0.001378994
   -6   -6   -4  0.010980990  0.001378994
    6    6    4  0.010980990  0.001378994
   -6   -6    4  0.010980990  0.001378994
   -4   -4   -8  0.009973033  0.001293900
   -4   -4    8  0.009973033  0.001293900
    4    4   -8  0.009973033  0.001293900
    4    4    8  0.009973033  0.001293900
   -5   -5   -7  0.003863297  0.005690687
    5    5   -7  0.003863297  0.005690687
   -5   -5    7  0.005202506 -0.004502745
    5    5    7  0.005202506 -0.004502745
    7    7    1  0.003863297  0.005690687
   -7   -7    1  0.003863297  0.005690687
    3    3    9  0.003863297  0.005690687
   -3   -3   -9  0.005202506 -0.004502745
    7    7   -1  0.005202506 -0.004502745
    3    3   -9  0.005202506 -0.004502745
   -3   -3    9  0.003863297  0.005690687
   -7   -7   -1  0.005202506 -0.004502745
    0    0   10 -0.000562548 -0.000075820
    0    0  -10 -0.000562548 -0.000075820
    7    7   -3  0.003488297  0.005227841
    7    7    3  0.004751866 -0.004118146
   -7   -7    3  0.004751866 -0.004118146
   -7   -7   -3  0.003488297  0.005227841
   -2   -2  -10 -0.000551434 -0.000077070
   -2   -2   10 -0.000551434 -0.000077070
    2    2   10 -0.000551434 -0.000077070
    2    2  -10 -0.000551434 -0.000077070
    6    6    6 -0.000551434 -0.000077070
   -6   -6    6 -0.000551434 -0.000077070
    6    6   -6 -0.000551434 -0.000077070
   -6   -6   -6 -0.000551434 -0.000077070
   -7   -7    5  0.002875367  0.004450403
   -7   -7   -5  0.004001939 -0.003480622
    1    1   11  0.004001939 -0.003480622
    1    1  -11  0.002875367  0.004450403
   -1   -1   11  0.004001939 -0.003480622
    7    7   -5  0.004001939 -0.003480622
    7    7    5  0.002875367  0.004450403
   -1   -1  -11  0.002875367  0.004450403
    8    8    0  0.007033450  0.001008695
   -8   -8    0  0.007033450  0.001008695
    5    5   -9  0.003687681 -0.003214281
    5    5    9  0.002623235  0.004121432
   -5   -5   -9  0.003687681 -0.003214281
   -5   -5    9  0.002623235  0.004121432
   -4   -4  -10 -0.000510546 -0.000078660
    4    4  -10 -0.000510546 -0.000078660
    4    4   10 -0.000510546 -0.000078660
   -4   -4   10 -0.000510546 -0.000078660
   -8   -8   -2 -0.000510546 -0.000078660
    8    8   -2 -0.000510546 -0.000078660
    8    8    2 -0.000510546 -0.000078660
   -8   -8    2 -0.000510546 -0.000078660
    6    6    8  0.006491954  0.000948899
    6    6   -8  0.006491954  0.000948899
   -6   -6    8  0.006491954  0.000948899
   -6   -6   -8  0.006491954  0.000948899
    3    3  -11  0.002400103  0.003824973
    3    3   11  0.003406226 -0.002976119
   -3   -3   11  0.003406226 -0.002976119
   -3   -3  -11  0.002400103  0.003824973
    8    8   -4  0.006006255  0.000892965
    0    0  -12  0.006006255  0.000892965
    8    8    4  0.006006255  0.000892965
    0    0   12  0.006006255  0.000892965
   -8   -8    4  0.006006255  0.000892965
   -8   -8   -4  0.006006255  0.000892965
   -7   -7   -7  0.002201782  0.003556761
    7    7    7  0.003153096 -0.002762229
   -7   -7    7  0.003153096 -0.002762229
    7    7   -7  0.002201782  0.003556761
    2    2  -12  0.005568876  0.000840589
    2    2   12  0.005568876  0.000840589
   -2   -2   12  0.005568876  0.000840589
   -2   -2  -12  0.005568876  0.000840589
    9    9    1  0.001866327  0.003091455
   -9   -9   -1  0.002717545 -0.002394899
    9    9   -1  0.002717545 -0.002394899
   -9   -9    1  0.001866327  0.003091455
   -8   -8   -6 -0.000449328 -0.000077243
   -8   -8    6 -0.000449328 -0.000077243
    8    8    6 -0.000449328 -0.000077243
    8    8   -6 -0.000449328 -0.000077243
    5    5  -11  0.001723907  0.002888864
   -5   -5  -11  0.001723907  0.002888864
   -5   -5   11  0.002529389 -0.002236510
   -1   -1   13  0.001723907  0.002888864
    1    1  -13  0.002529389 -0.002236510
    5    5   11  0.002529389 -0.002236510
   -1   -1  -13  0.002529389 -0.002236510
    1    1   13  0.001723907  0.002888864
    9    9    3  0.002529389 -0.002236510
    9    9   -3  0.001723907  0.002888864
   -9   -9   -3  0.001723907  0.002888864
   -9   -9    3  0.002529389 -0.002236510
    6    6  -10 -0.000434156 -0.000076459
   -6   -6  -10 -0.000434156 -0.000076459
    6    6   10 -0.000434156 -0.000076459
   -6   -6   10 -0.000434156 -0.000076459
    4    4   12  0.004489182  0.000702215
   -4   -4  -12  0.004489182  0.000702215
    4    4  -12  0.004489182  0.000702215
   -4   -4   12  0.004489182  0.000702215
    7    7   -9  0.002357879 -0.002092306
    7    7    9  0.001595524  0.002703323
   -7   -7   -9  0.002357879 -0.002092306
   -7   -7    9  0.001595524  0.002703323
    3    3   13  0.001479457  0.002532988
   -3   -3   13  0.001479457  0.002532988
   -3   -3  -13  0.002201115 -0.001960653
    3    3  -13  0.002201115 -0.001960653
   -9   -9    5  0.001479457  0.002532988
    9    9   -5  0.002201115 -0.001960653
    9    9    5  0.001479457  0.002532988
   -9   -9   -5  0.002201115 -0.001960653
   -8   -8    8  0.003920023  0.000623402
   -8   -8   -8  0.003920023  0.000623402
    8    8   -8  0.003920023  0.000623402
    8    8    8  0.003920023  0.000623402
    0    0   14 -0.000390612 -0.000073417
    0    0  -14 -0.000390612 -0.000073417
   10   10    0  0.003670844  0.000587470
  -10  -10    0  0.003670844  0.000587470
   10   10    2 -0.000376921 -0.000072226
   10   10   -2 -0.000376921 -0.000072226
  -10  -10   -2 -0.000376921 -0.000072226
  -10  -10    2 -0.000376921 -0.000072226
    2    2  -14 -0.000376921 -0.000072226
   -2   -2   14 -0.000376921 -0.000072226
    2    2   14 -0.000376921 -0.000072226
   -2   -2  -14 -0.000376921 -0.000072226
   -9   -9    7  0.001804087 -0.001627932
    9    9    7  0.001804087 -0.001627932
   -9   -9   -7  0.001191485  0.002098273
    9    9   -7  0.001191485  0.002098273
  -10  -10   -4  0.003231213  0.000521781
   10   10   -4  0.003231213  0.000521781
  -10  -10    4  0.003231213  0.000521781
   10   10    4  0.003231213  0.000521781
    6    6   12  0.003231213  0.000521781
    6    6  -12  0.003231213  0.000521781
   -6   -6  -12  0.003231213  0.000521781
   -6   -6   12  0.003231213  0.000521781
    5    5  -13  0.001692072 -0.001534251
   -5   -5   13  0.001111936  0.001974739
    5    5   13  0.001111936  0.001974739
   -5   -5  -13  0.001692072 -0.001534251
    7    7   11  0.001692072 -0.001534251
    7    7  -11  0.001111936  0.001974739
   -7   -7   11  0.001692072 -0.001534251
   -7   -7  -11  0.001111936  0.001974739
    1    1   15  0.001588560 -0.001447755
    1    1  -15  0.001039148  0.001860223
   -1   -1  -15  0.001039148  0.001860223
   -1   -1   15  0.001588560 -0.001447755
   -8   -8  -10 -0.000338623 -0.000068300
   -4   -4  -14 -0.000338623 -0.000068300
    4    4  -14 -0.000338623 -0.000068300
   -4   -4   14 -0.000338623 -0.000068300
    8    8   10 -0.000338623 -0.000068300
    4    4   14 -0.000338623 -0.000068300
    8    8  -10 -0.000338623 -0.000068300
   -8   -8   10 -0.000338623 -0.000068300
  -10  -10   -6 -0.000326792 -0.000066905
  -10  -10    6 -0.000326792 -0.000066905
   10   10   -6 -0.000326792 -0.000066905
   10   10    6 -0.000326792 -0.000066905
   -3   -3   15  0.001403881 -0.001293591
    3    3   15  0.001403881 -0.001293591
    3    3  -15  0.000911115  0.001655036
   -3   -3  -15  0.000911115  0.001655036
   -9   -9    9  0.000911115  0.001655036
    9    9   -9  0.001403881 -0.001293591
  -11  -11   -1  0.001403881 -0.001293591
   11   11   -1  0.001403881 -0.001293591
   -9   -9   -9  0.001403881 -0.001293591
    9    9    9  0.000911115  0.001655036
  -11  -11    1  0.000911115  0.001655036
   11   11    1  0.000911115  0.001655036
   11   11   -3  0.000854708  0.001562979
  -11  -11    3  0.001321362 -0.001224759
  -11  -11   -3  0.000854708  0.001562979
   11   11    3  0.001321362 -0.001224759
    0    0   16  0.002393668  0.000387724
    0    0  -16  0.002393668  0.000387724
  -10  -10    8  0.002260539  0.000365247
   10   10    8  0.002260539  0.000365247
  -10  -10   -8  0.002260539  0.000365247
   10   10   -8  0.002260539  0.000365247
   -2   -2   16  0.002260539  0.000365247
    2    2  -16  0.002260539  0.000365247
    2    2   16  0.002260539  0.000365247
   -2   -2  -16  0.002260539  0.000365247
  -11  -11    5  0.000754715  0.001397019
   -7   -7  -13  0.001173141 -0.001101161
   11   11   -5  0.001173141 -0.001101161
    7    7   13  0.000754715  0.001397019
   -7   -7   13  0.000754715  0.001397019
   11   11    5  0.000754715  0.001397019
    7    7  -13  0.001173141 -0.001101161
  -11  -11   -5  0.001173141 -0.001101161
   -6   -6   14 -0.000283925 -0.000061099
    6    6   14 -0.000283925 -0.000061099
   -6   -6  -14 -0.000283925 -0.000061099
    6    6  -14 -0.000283925 -0.000061099
   -8   -8  -12  0.002136559  0.000344010
   -8   -8   12  0.002136559  0.000344010
    8    8   12  0.002136559  0.000344010
    8    8  -12  0.002136559  0.000344010
    5    5   15  0.001106489 -0.001045579
   -5   -5   15  0.001106489 -0.001045579
   -5   -5  -15  0.000710334  0.001322126
    5    5  -15  0.000710334  0.001322126
   -9   -9  -11  0.000669238  0.001252046
    9    9  -11  0.000669238  0.001252046
   -9   -9   11  0.001044260 -0.000993670
    9    9   11  0.001044260 -0.000993670
   -4   -4  -16  0.001913008  0.000304964
    4    4   16  0.001913008  0.000304964
  -12  -12    0  0.001913008  0.000304964
    4    4  -16  0.001913008  0.000304964
   12   12    0  0.001913008  0.000304964
   -4   -4   16  0.001913008  0.000304964
    1    1   17  0.000631134  0.001186401
   -1   -1   17  0.000631134  0.001186401
   -1   -1  -17  0.000986093 -0.000945125
    1    1  -17  0.000986093 -0.000945125
   11   11    7  0.000986093 -0.000945125
  -11  -11   -7  0.000631134  0.001186401
  -11  -11    7  0.000986093 -0.000945125
   11   11   -7  0.000631134  0.001186401
   12   12   -2 -0.000256055 -0.000056657
   12   12    2 -0.000256055 -0.000056657
  -12  -12    2 -0.000256055 -0.000056657
  -12  -12   -2 -0.000256055 -0.000056657
   10   10   10 -0.000247494 -0.000055182
  -10  -10  -10 -0.000247494 -0.000055182
  -10  -10   10 -0.000247494 -0.000055182
   10   10  -10 -0.000247494 -0.000055182
  -12  -12   -4  0.001717682  0.000270046
   12   12    4  0.001717682  0.000270046
   12   12   -4  0.001717682  0.000270046
  -12  -12    4  0.001717682  0.000270046
    3    3  -17  0.000880685 -0.000857047
    3    3   17  0.000562868  0.001067070
   -3   -3   17  0.000562868  0.001067070
   -3   -3  -17  0.000880685 -0.000857047
   -7   -7   15  0.000788031 -0.000779441
    7    7  -15  0.000503736  0.000961752
    7    7   15  0.000788031 -0.000779441
   -7   -7  -15  0.000503736  0.000961752
  -11  -11   -9  0.000788031 -0.000779441
   11   11   -9  0.000788031 -0.000779441
  -11  -11    9  0.000503736  0.000961752
   11   11    9  0.000503736  0.000961752
   12   12   -6 -0.000223780 -0.000050813
  -12  -12    6 -0.000223780 -0.000050813
  -12  -12   -6 -0.000223780 -0.000050813
   12   12    6 -0.000223780 -0.000050813
    0    0   18 -0.000223780 -0.000050813
    0    0  -18 -0.000223780 -0.000050813
   -8   -8   14 -0.000223780 -0.000050813
   -8   -8  -14 -0.000223780 -0.000050813
    8    8  -14 -0.000223780 -0.000050813
    8    8   14 -0.000223780 -0.000050813
   -6   -6   16  0.001468380  0.000224406
    6    6   16  0.001468380  0.000224406
   -6   -6  -16  0.001468380  0.000224406
    6    6  -16  0.001468380  0.000224406
    9    9   13  0.000477129  0.000913718
    9    9  -13  0.000745901 -0.000744067
   -9   -9  -13  0.000745901 -0.000744067
   -9   -9   13  0.000477129  0.000913718
    2    2  -18 -0.000216481 -0.000049383
   -2   -2  -18 -0.000216481 -0.000049383
    2    2   18 -0.000216481 -0.000049383
   -2   -2   18 -0.000216481 -0.000049383
   13   13   -1  0.000706298 -0.000710751
   13   13    1  0.000452282  0.000868476
  -13  -13    1  0.000452282  0.000868476
  -13  -13   -1  0.000706298 -0.000710751
    5    5   17  0.000452282  0.000868476
    5    5  -17  0.000706298 -0.000710751
   -5   -5   17  0.000452282  0.000868476
   -5   -5  -17  0.000706298 -0.000710751
   10   10   12  0.001326384  0.000197895
  -10  -10  -12  0.001326384  0.000197895
   10   10  -12  0.001326384  0.000197895
  -10  -10   12  0.001326384  0.000197895
   13   13   -3  0.000429056  0.000825831
   13   13    3  0.000669041 -0.000679340
  -13  -13   -3  0.000429056  0.000825831
  -13  -13    3  0.000669041 -0.000679340
   12   12    8  0.001261605  0.000185685
   12   12   -8  0.001261605  0.000185685
  -12  -12    8  0.001261605  0.000185685
  -12  -12   -8  0.001261605  0.000185685
    4    4   18 -0.000196207 -0.000045197
   -4   -4   18 -0.000196207 -0.000045197
   -4   -4  -18 -0.000196207 -0.000045197
    4    4  -18 -0.000196207 -0.000045197
   -1   -1   19  0.000600921 -0.000621695
   -1   -1  -19  0.000386969  0.000747631
    1    1  -19  0.000386969  0.000747631
    1    1   19  0.000600921 -0.000621695
   13   13    5  0.000386969  0.000747631
  -13  -13    5  0.000386969  0.000747631
   13   13   -5  0.000600921 -0.000621695
  -13  -13   -5  0.000600921 -0.000621695
  -11  -11  -11  0.000386969  0.000747631
   11   11  -11  0.000386969  0.000747631
  -11  -11   11  0.000600921 -0.000621695
   11   11   11  0.000600921 -0.000621695
    3    3  -19  0.000349983  0.000677854
    3    3   19  0.000540381 -0.000570165
   -3   -3   19  0.000540381 -0.000570165
   -3   -3  -19  0.000349983  0.000677854
   -8   -8  -16  0.001037498  0.000142963
    8    8  -16  0.001037498  0.000142963
    8    8   16  0.001037498  0.000142963
   -8   -8   16  0.001037498  0.000142963
  -13  -13   -7  0.000333169  0.000645785
   -7   -7   17  0.000333169  0.000645785
    7    7  -17  0.000512642 -0.000546435
   13   13   -7  0.000333169  0.000645785
    9    9   15  0.000512642 -0.000546435
   -9   -9  -15  0.000333169  0.000645785
  -13  -13    7  0.000512642 -0.000546435
   -7   -7  -17  0.000512642 -0.000546435
    7    7   17  0.000333169  0.000645785
   -9   -9   15  0.000512642 -0.000546435
   13   13    7  0.000512642 -0.000546435
    9    9  -15  0.000333169  0.000645785
  -12  -12  -10 -0.000172516 -0.000039901
  -12  -12   10 -0.000172516 -0.000039901
   12   12  -10 -0.000172516 -0.000039901
   12   12   10 -0.000172516 -0.000039901
  -14  -14    0  0.000989065  0.000133650
   14   14    0  0.000989065  0.000133650
  -10  -10  -14 -0.000167119 -0.000038634
   10   10  -14 -0.000167119 -0.000038634
   10   10   14 -0.000167119 -0.000038634
  -10  -10   14 -0.000167119 -0.000038634
  -14  -14    2 -0.000167119 -0.000038634
    6    6  -18 -0.000167119 -0.000038634
   14   14    2 -0.000167119 -0.000038634
   -6   -6   18 -0.000167119 -0.000038634
   -6   -6  -18 -0.000167119 -0.000038634
    6    6   18 -0.000167119 -0.000038634
   14   14   -2 -0.000167119 -0.000038634
  -14  -14   -2 -0.000167119 -0.000038634
    0    0  -20  0.000943270  0.000124828
    0    0   20  0.000943270  0.000124828
    2    2  -20  0.000899943  0.000116468
   -2   -2  -20  0.000899943  0.000116468
   -2   -2   20  0.000899943  0.000116468
    2    2   20  0.000899943  0.000116468
   14   14    4  0.000899943  0.000116468
  -14  -14    4  0.000899943  0.000116468
   14   14   -4  0.000899943  0.000116468
  -14  -14   -4  0.000899943  0.000116468
    5    5  -19  0.000288509  0.000559466
    5    5   19  0.000438280 -0.000482341
   -5   -5  -19  0.000288509  0.000559466
   -5   -5   19  0.000438280 -0.000482341
  -11  -11  -13  0.000438280 -0.000482341
  -11  -11   13  0.000288509  0.000559466
   11   11  -13  0.000438280 -0.000482341
   11   11   13  0.000288509  0.000559466
   13   13    9  0.000275326  0.000533654
  -13  -13    9  0.000275326  0.000533654
   13   13   -9  0.000416138 -0.000463093
  -13  -13   -9  0.000416138 -0.000463093
   14   14   -6 -0.000147365 -0.000033807
  -14  -14   -6 -0.000147365 -0.000033807
   14   14    6 -0.000147365 -0.000033807
  -14  -14    6 -0.000147365 -0.000033807
    4    4   20  0.000783235  0.000093934
   -4   -4   20  0.000783235  0.000093934
    4    4  -20  0.000783235  0.000093934
   -4   -4  -20  0.000783235  0.000093934
   12   12  -12  0.000783235  0.000093934
  -12  -12  -12  0.000783235  0.000093934
  -12  -12   12  0.000783235  0.000093934
   12   12   12  0.000783235  0.000093934
  -15  -15    1  0.000229648  0.000442943
  -15  -15   -1  0.000338741 -0.000395013
   15   15    1  0.000229648  0.000442943
   15   15   -1  0.000338741 -0.000395013
   -9   -9  -17  0.000338741 -0.000395013
    9    9  -17  0.000338741 -0.000395013
    9    9   17  0.000229648  0.000442943
   -9   -9   17  0.000229648  0.000442943
    8    8  -18 -0.000134264 -0.000030446
   -8   -8   18 -0.000134264 -0.000030446
   -8   -8  -18 -0.000134264 -0.000030446
    8    8   18 -0.000134264 -0.000030446
   10   10   16  0.000683698  0.000074772
  -14  -14   -8  0.000683698  0.000074772
