    0    0    0   0.000000000   0.000000000   0.000000E+00   0.300940E-02
   -1   -1   -1  -1.571797794   1.111428878   0.441539E-01  -0.464131E-01
   -1   -1    1  -1.571797794  -1.111428878   0.414806E-01   0.495514E-01
    1    1    1   1.571797794  -1.111428878   0.414806E-01   0.495514E-01
    1    1   -1   1.571797794   1.111428878   0.441539E-01  -0.464131E-01
    0    0    2   0.000000000  -2.222857757  -0.485032E-02   0.225926E-03
    0    0   -2   0.000000000   2.222857757  -0.485032E-02   0.225926E-03
   -2   -2    0  -3.143595587  -0.000000000   0.600238E-01   0.275084E-02
    2    2    0   3.143595587   0.000000000   0.600238E-01   0.275084E-02
    1    1   -3   1.571797794   3.334286635   0.229047E-01   0.280554E-01
    1    1    3   1.571797794  -3.334286635   0.253869E-01  -0.252059E-01
   -1   -1   -3  -1.571797794   3.334286635   0.229047E-01   0.280554E-01
   -1   -1    3  -1.571797794  -3.334286635   0.253869E-01  -0.252059E-01
   -2   -2    2  -3.143595587  -2.222857757  -0.228173E-02   0.178069E-03
    2    2   -2   3.143595587   2.222857757  -0.228173E-02   0.178069E-03
   -2   -2   -2  -3.143595587   2.222857757  -0.228173E-02   0.178069E-03
    2    2    2   3.143595587  -2.222857757  -0.228173E-02   0.178069E-03
    0    0   -4   0.000000000   4.445715514   0.410485E-01   0.253462E-02
    0    0    4   0.000000000  -4.445715514   0.410485E-01   0.253462E-02
   -3   -3   -1  -4.715393381   1.111428878   0.189369E-01  -0.179562E-01
   -3   -3    1  -4.715393381  -1.111428878   0.166173E-01   0.205590E-01
    3    3   -1   4.715393381   1.111428878   0.189369E-01  -0.179562E-01
    3    3    1   4.715393381  -1.111428878   0.166173E-01   0.205590E-01
   -2   -2   -4  -3.143595587   4.445715514   0.320035E-01   0.234606E-02
    2    2    4   3.143595587  -4.445715514   0.320035E-01   0.234606E-02
   -2   -2    4  -3.143595587  -4.445715514   0.320035E-01   0.234606E-02
    2    2   -4   3.143595587   4.445715514   0.320035E-01   0.234606E-02
    3    3    3   4.715393381  -3.334286635   0.153077E-01  -0.142241E-01
   -3   -3    3  -4.715393381  -3.334286635   0.153077E-01  -0.142241E-01
    3    3   -3   4.715393381   3.334286635   0.131317E-01   0.166100E-01
   -3   -3   -3  -4.715393381   3.334286635   0.131317E-01   0.166100E-01
    1    1    5   1.571797794  -5.557144392   0.131317E-01   0.166100E-01
   -1   -1   -5  -1.571797794   5.557144392   0.153077E-01  -0.142241E-01
   -1   -1    5  -1.571797794  -5.557144392   0.131317E-01   0.166100E-01
    1    1   -5   1.571797794   5.557144392   0.153077E-01  -0.142241E-01
   -4   -4    0  -6.287191174  -0.000000000   0.264036E-01   0.217824E-02
    4    4    0   6.287191174   0.000000000   0.264036E-01   0.217824E-02
    0    0   -6   0.000000000   6.668573271  -0.111748E-02   0.692766E-04
    0    0    6   0.000000000  -6.668573271  -0.111748E-02   0.692766E-04
   -4   -4   -2  -6.287191174   2.222857757  -0.111748E-02   0.692766E-04
    4    4   -2   6.287191174   2.222857757  -0.111748E-02   0.692766E-04
   -4   -4    2  -6.287191174  -2.222857757  -0.111748E-02   0.692766E-04
    4    4    2   6.287191174  -2.222857757  -0.111748E-02   0.692766E-04
   -3   -3    5  -4.715393381  -5.557144392   0.910259E-02   0.121833E-01
   -3   -3   -5  -4.715393381   5.557144392   0.110317E-01  -0.101641E-01
    3    3    5   4.715393381  -5.557144392   0.910259E-02   0.121833E-01
    3    3   -5   4.715393381   5.557144392   0.110317E-01  -0.101641E-01
    2    2    6   3.143595587  -6.668573271  -0.110640E-02   0.417859E-04
   -2   -2   -6  -3.143595587   6.668573271  -0.110640E-02   0.417859E-04
    2    2   -6   3.143595587   6.668573271  -0.110640E-02   0.417859E-04
   -2   -2    6  -3.143595587  -6.668573271  -0.110640E-02   0.417859E-04
   -4   -4    4  -6.287191174  -4.445715514   0.194592E-01   0.188998E-02
   -4   -4   -4  -6.287191174   4.445715514   0.194592E-01   0.188998E-02
    4    4   -4   6.287191174   4.445715514   0.194592E-01   0.188998E-02
    4    4    4   6.287191174  -4.445715514   0.194592E-01   0.188998E-02
    1    1    7   1.571797794  -7.780002149   0.961047E-02  -0.887822E-02
   -1   -1   -7  -1.571797794   7.780002149   0.778931E-02   0.107405E-01
    1    1   -7   1.571797794   7.780002149   0.778931E-02   0.107405E-01
   -1   -1    7  -1.571797794  -7.780002149   0.961047E-02  -0.887822E-02
    5    5    1   7.858988968  -1.111428878   0.778931E-02   0.107405E-01
   -5   -5   -1  -7.858988968   1.111428878   0.961047E-02  -0.887822E-02
   -5   -5    1  -7.858988968  -1.111428878   0.778931E-02   0.107405E-01
    5    5   -1   7.858988968   1.111428878   0.961047E-02  -0.887822E-02
   -5   -5   -3  -7.858988968   3.334286635   0.674179E-02   0.957784E-02
    5    5    3   7.858988968  -3.334286635   0.846329E-02  -0.785794E-02
   -5   -5    3  -7.858988968  -3.334286635   0.846329E-02  -0.785794E-02
    5    5   -3   7.858988968   3.334286635   0.674179E-02   0.957784E-02
    0    0   -8   0.000000000   8.891431028   0.151574E-01   0.165019E-02
    0    0    8   0.000000000  -8.891431028   0.151574E-01   0.165019E-02
    3    3   -7   4.715393381   7.780002149   0.588681E-02   0.861512E-02
    3    3    7   4.715393381  -7.780002149   0.751593E-02  -0.702498E-02
   -3   -3   -7  -4.715393381   7.780002149   0.588681E-02   0.861512E-02
   -3   -3    7  -4.715393381  -7.780002149   0.751593E-02  -0.702498E-02
   -4   -4    6  -6.287191174  -6.668573271  -0.111880E-02  -0.216536E-04
    4    4   -6   6.287191174   6.668573271  -0.111880E-02  -0.216536E-04
    4    4    6   6.287191174  -6.668573271  -0.111880E-02  -0.216536E-04
   -4   -4   -6  -6.287191174   6.668573271  -0.111880E-02  -0.216536E-04
   -6   -6    0  -9.430786761  -0.000000000   0.135503E-01   0.154476E-02
    6    6    0   9.430786761   0.000000000   0.135503E-01   0.154476E-02
    2    2    8   3.143595587  -8.891431028   0.135503E-01   0.154476E-02
   -2   -2   -8  -3.143595587   8.891431028   0.135503E-01   0.154476E-02
   -2   -2    8  -3.143595587  -8.891431028   0.135503E-01   0.154476E-02
    2    2   -8   3.143595587   8.891431028   0.135503E-01   0.154476E-02
    5    5    5   7.858988968  -5.557144392   0.517713E-02   0.780212E-02
   -5   -5   -5  -7.858988968   5.557144392   0.672034E-02  -0.633054E-02
   -5   -5    5  -7.858988968  -5.557144392   0.517713E-02   0.780212E-02
    5    5   -5   7.858988968   5.557144392   0.672034E-02  -0.633054E-02
   -6   -6   -2  -9.430786761   2.222857757  -0.111712E-02  -0.377009E-04
    6    6   -2   9.430786761   2.222857757  -0.111712E-02  -0.377009E-04
   -6   -6    2  -9.430786761  -2.222857757  -0.111712E-02  -0.377009E-04
    6    6    2   9.430786761  -2.222857757  -0.111712E-02  -0.377009E-04
    1    1    9   1.571797794 -10.002859906   0.458036E-02   0.710511E-02
   -1   -1   -9  -1.571797794  10.002859906   0.604344E-02  -0.574212E-02
    1    1   -9   1.571797794  10.002859906   0.604344E-02  -0.574212E-02
   -1   -1    9  -1.571797794 -10.002859906   0.458036E-02   0.710511E-02
   -6   -6    4  -9.430786761  -4.445715514   0.110297E-01   0.135769E-02
    6    6   -4   9.430786761   4.445715514   0.110297E-01   0.135769E-02
   -6   -6   -4  -9.430786761   4.445715514   0.110297E-01   0.135769E-02
    6    6    4   9.430786761  -4.445715514   0.110297E-01   0.135769E-02
   -4   -4   -8  -6.287191174   8.891431028   0.100247E-01   0.127446E-02
   -4   -4    8  -6.287191174  -8.891431028   0.100247E-01   0.127446E-02
    4    4   -8   6.287191174   8.891431028   0.100247E-01   0.127446E-02
    4    4    8   6.287191174  -8.891431028   0.100247E-01   0.127446E-02
   -3   -3    9  -4.715393381 -10.002859906   0.363866E-02   0.597055E-02
    3    3   -9   4.715393381  10.002859906   0.495667E-02  -0.479892E-02
   -3   -3   -9  -4.715393381  10.002859906   0.495667E-02  -0.479892E-02
    3    3    9   4.715393381 -10.002859906   0.363866E-02   0.597055E-02
   -7   -7   -1 -11.002584555   1.111428878   0.495667E-02  -0.479892E-02
   -7   -7    1 -11.002584555  -1.111428878   0.363866E-02   0.597055E-02
    7    7   -1  11.002584555   1.111428878   0.495667E-02  -0.479892E-02
    7    7    1  11.002584555  -1.111428878   0.363866E-02   0.597055E-02
    5    5   -7   7.858988968   7.780002149   0.363866E-02   0.597055E-02
    5    5    7   7.858988968  -7.780002149   0.495667E-02  -0.479892E-02
   -5   -5   -7  -7.858988968   7.780002149   0.363866E-02   0.597055E-02
   -5   -5    7  -7.858988968  -7.780002149   0.495667E-02  -0.479892E-02
    0    0  -10   0.000000000  11.114288785  -0.108505E-02  -0.744341E-04
    0    0   10   0.000000000 -11.114288785  -0.108505E-02  -0.744341E-04
   -7   -7   -3 -11.002584555   3.334286635   0.326339E-02   0.550264E-02
   -7   -7    3 -11.002584555  -3.334286635   0.451557E-02  -0.441546E-02
    7    7    3  11.002584555  -3.334286635   0.451557E-02  -0.441546E-02
    7    7   -3  11.002584555   3.334286635   0.326339E-02   0.550264E-02
   -6   -6    6  -9.430786761  -6.668573271  -0.106719E-02  -0.835694E-04
   -6   -6   -6  -9.430786761   6.668573271  -0.106719E-02  -0.835694E-04
    6    6    6   9.430786761  -6.668573271  -0.106719E-02  -0.835694E-04
    6    6   -6   9.430786761   6.668573271  -0.106719E-02  -0.835694E-04
    2    2   10   3.143595587 -11.114288785  -0.106719E-02  -0.835694E-04
    2    2  -10   3.143595587  11.114288785  -0.106719E-02  -0.835694E-04
   -2   -2  -10  -3.143595587  11.114288785  -0.106719E-02  -0.835694E-04
   -2   -2   10  -3.143595587 -11.114288785  -0.106719E-02  -0.835694E-04
   -7   -7    5 -11.002584555  -5.557144392   0.265233E-02   0.471446E-02
    1    1  -11   1.571797794  12.225717663   0.265233E-02   0.471446E-02
    1    1   11   1.571797794 -12.225717663   0.378438E-02  -0.377717E-02
   -1   -1  -11  -1.571797794  12.225717663   0.265233E-02   0.471446E-02
    7    7   -5  11.002584555   5.557144392   0.378438E-02  -0.377717E-02
   -7   -7   -5 -11.002584555   5.557144392   0.378438E-02  -0.377717E-02
    7    7    5  11.002584555  -5.557144392   0.265233E-02   0.471446E-02
   -1   -1   11  -1.571797794 -12.225717663   0.378438E-02  -0.377717E-02
   -8   -8    0 -12.574382348  -0.000000000   0.709467E-02   0.996212E-03
    8    8    0  12.574382348   0.000000000   0.709467E-02   0.996212E-03
   -5   -5   -9  -7.858988968  10.002859906   0.347919E-02  -0.350925E-02
    5    5    9   7.858988968 -10.002859906   0.240204E-02   0.437995E-02
    5    5   -9   7.858988968  10.002859906   0.347919E-02  -0.350925E-02
   -5   -5    9  -7.858988968 -10.002859906   0.240204E-02   0.437995E-02
   -8   -8   -2 -12.574382348   2.222857757  -0.100098E-02  -0.103887E-03
   -8   -8    2 -12.574382348  -2.222857757  -0.100098E-02  -0.103887E-03
    8    8   -2  12.574382348   2.222857757  -0.100098E-02  -0.103887E-03
    8    8    2  12.574382348  -2.222857757  -0.100098E-02  -0.103887E-03
   -4   -4  -10  -6.287191174  11.114288785  -0.100098E-02  -0.103887E-03
   -4   -4   10  -6.287191174 -11.114288785  -0.100098E-02  -0.103887E-03
    4    4  -10   6.287191174  11.114288785  -0.100098E-02  -0.103887E-03
    4    4   10   6.287191174 -11.114288785  -0.100098E-02  -0.103887E-03
    6    6    8   9.430786761  -8.891431028   0.655492E-02   0.938020E-03
   -6   -6   -8  -9.430786761   8.891431028   0.655492E-02   0.938020E-03
   -6   -6    8  -9.430786761  -8.891431028   0.655492E-02   0.938020E-03
    6    6   -8   9.430786761   8.891431028   0.655492E-02   0.938020E-03
   -3   -3  -11  -4.715393381  12.225717663   0.218120E-02   0.407793E-02
   -3   -3   11  -4.715393381 -12.225717663   0.320655E-02  -0.326888E-02
    3    3   11   4.715393381 -12.225717663   0.320655E-02  -0.326888E-02
    3    3  -11   4.715393381  12.225717663   0.218120E-02   0.407793E-02
    0    0  -12   0.000000000  13.337146542   0.607075E-02   0.883632E-03
    0    0   12   0.000000000 -13.337146542   0.607075E-02   0.883632E-03
   -8   -8   -4 -12.574382348   4.445715514   0.607075E-02   0.883632E-03
   -8   -8    4 -12.574382348  -4.445715514   0.607075E-02   0.883632E-03
    8    8   -4  12.574382348   4.445715514   0.607075E-02   0.883632E-03
    8    8    4  12.574382348  -4.445715514   0.607075E-02   0.883632E-03
   -7   -7   -7 -11.002584555   7.780002149   0.198554E-02   0.380415E-02
   -7   -7    7 -11.002584555  -7.780002149   0.296195E-02  -0.305226E-02
    7    7   -7  11.002584555   7.780002149   0.198554E-02   0.380415E-02
    7    7    7  11.002584555  -7.780002149   0.296195E-02  -0.305226E-02
   -2   -2  -12  -3.143595587  13.337146542   0.563470E-02   0.832743E-03
    2    2   12   3.143595587 -13.337146542   0.563470E-02   0.832743E-03
   -2   -2   12  -3.143595587 -13.337146542   0.563470E-02   0.832743E-03
    2    2  -12   3.143595587  13.337146542   0.563470E-02   0.832743E-03
   -9   -9   -1 -14.146180142   1.111428878   0.254259E-02  -0.267824E-02
    9    9    1  14.146180142  -1.111428878   0.165623E-02   0.332785E-02
   -9   -9    1 -14.146180142  -1.111428878   0.165623E-02   0.332785E-02
    9    9   -1  14.146180142   1.111428878   0.254259E-02  -0.267824E-02
    8    8   -6  12.574382348   6.668573271  -0.900459E-03  -0.118674E-03
    8    8    6  12.574382348  -6.668573271  -0.900459E-03  -0.118674E-03
   -8   -8   -6 -12.574382348   6.668573271  -0.900459E-03  -0.118674E-03
   -8   -8    6 -12.574382348  -6.668573271  -0.900459E-03  -0.118674E-03
   -9   -9   -3 -14.146180142   3.334286635   0.151719E-02   0.311987E-02
   -9   -9    3 -14.146180142  -3.334286635   0.236208E-02  -0.251602E-02
   -5   -5  -11  -7.858988968  12.225717663   0.151719E-02   0.311987E-02
   -5   -5   11  -7.858988968 -12.225717663   0.236208E-02  -0.251602E-02
   -6   -6  -10  -9.430786761  11.114288785  -0.875162E-03  -0.120752E-03
   -6   -6   10  -9.430786761 -11.114288785  -0.875162E-03  -0.120752E-03
   -7   -9    7 -12.574382348  -7.780002149   0.139234E-02   0.292903E-02
   -7   -9   -7 -12.574382348   7.780002149   0.219791E-02  -0.236775E-02
   -7   -7   -9 -11.002584555  10.002859906   0.219791E-02  -0.236775E-02
   -7   -7    9 -11.002584555 -10.002859906   0.139234E-02   0.292903E-02
   -8  -10   -4 -14.146180142   4.445715514  -0.850157E-03  -0.122315E-03
   -8  -10    4 -14.146180142  -4.445715514  -0.850157E-03  -0.122315E-03
   -9   -9   -5 -14.146180142   5.557144392   0.204819E-02  -0.223184E-02
   -9   -9    5 -14.146180142  -5.557144392   0.127993E-02   0.275349E-02
   -8   -8   -8 -12.574382348   8.891431028   0.398997E-02   0.622104E-03
   -8   -8    8 -12.574382348  -8.891431028   0.398997E-02   0.622104E-03
   -5   -7   11  -9.430786761 -12.225717663   0.117845E-02   0.259168E-02
   -5   -7  -11  -9.430786761  12.225717663   0.191130E-02  -0.210692E-02
   -4   -6  -12  -7.858988968  13.337146542  -0.801435E-03  -0.124109E-03
