    0    0    0  0.000000000  0.002999763
    0    1    0  0.001126707  0.000300886
    1    0    0  0.001126707  0.000300886
   -1    0    0  0.001126707  0.000300886
    0   -1    0  0.001126707  0.000300886
   -1   -1    0  0.055957250  0.002184197
    1    1    0  0.055957250  0.002184197
    1   -1    0  0.055957250  0.002184197
   -1    1    0  0.055957250  0.002184197
    2    0    0  0.072083509  0.002601308
    0    2    0  0.072083509  0.002601308
   -2    0    0  0.072083509  0.002601308
    0   -2    0  0.072083509  0.002601308
   -2    1    0  0.000182410  0.000370081
    2    1    0  0.000182410  0.000370081
   -2   -1    0  0.000182410  0.000370081
    2   -1    0  0.000182410  0.000370081
    1    2    0  0.000182410  0.000370081
   -1    2    0  0.000182410  0.000370081
   -1   -2    0  0.000182410  0.000370081
    1   -2    0  0.000182410  0.000370081
    2   -2    0  0.047246361  0.002295911
   -2   -2    0  0.047246361  0.002295911
    2    2    0  0.047246361  0.002295911
   -2    2    0  0.047246361  0.002295911
    0   -3    0  0.000779941  0.000416423
   -3    0    0  0.000779941  0.000416423
    3    0    0  0.000779941  0.000416423
    0    3    0  0.000779941  0.000416423
    3    1    0  0.021337399  0.001738890
    3   -1    0  0.021337399  0.001738890
    1    3    0  0.021337399  0.001738890
   -1   -3    0  0.021337399  0.001738890
   -3   -1    0  0.021337399  0.001738890
   -1    3    0  0.021337399  0.001738890
   -3    1    0  0.021337399  0.001738890
    1   -3    0  0.021337399  0.001738890
   -3   -2    0  0.001274229  0.000447808
    2    3    0  0.001274229  0.000447808
    3    2    0  0.001274229  0.000447808
    2   -3    0  0.001274229  0.000447808
   -3    2    0  0.001274229  0.000447808
    3   -2    0  0.001274229  0.000447808
   -2    3    0  0.001274229  0.000447808
   -2   -3    0  0.001274229  0.000447808
    4    0    0  0.026858373  0.001837977
    0    4    0  0.026858373  0.001837977
    0   -4    0  0.026858373  0.001837977
   -4    0    0  0.026858373  0.001837977
    4   -1    0  0.001631080  0.000468271
   -1   -4    0  0.001631080  0.000468271
   -4   -1    0  0.001631080  0.000468271
    1    4    0  0.001631080  0.000468271
    4    1    0  0.001631080  0.000468271
   -1    4    0  0.001631080  0.000468271
    1   -4    0  0.001631080  0.000468271
   -4    1    0  0.001631080  0.000468271
    3   -3    0  0.013384201  0.001433131
   -3    3    0  0.013384201  0.001433131
   -3   -3    0  0.013384201  0.001433131
    3    3    0  0.013384201  0.001433131
    4   -2    0  0.021646006  0.001659809
    4    2    0  0.021646006  0.001659809
   -2    4    0  0.021646006  0.001659809
   -4    2    0  0.021646006  0.001659809
    2   -4    0  0.021646006  0.001659809
    2    4    0  0.021646006  0.001659809
   -4   -2    0  0.021646006  0.001659809
   -2   -4    0  0.021646006  0.001659809
    4   -3    0  0.002007975  0.000486392
    0    5    0  0.002007975  0.000486392
   -5    0    0  0.002007975  0.000486392
    3   -4    0  0.002007975  0.000486392
   -4   -3    0  0.002007975  0.000486392
    0   -5    0  0.002007975  0.000486392
    3    4    0  0.002007975  0.000486392
    4    3    0  0.002007975  0.000486392
   -3    4    0  0.002007975  0.000486392
   -4    3    0  0.002007975  0.000486392
   -3   -4    0  0.002007975  0.000486392
    5    0    0  0.002007975  0.000486392
   -1   -5    0  0.009571856  0.001203264
   -5   -1    0  0.009571856  0.001203264
    5    1    0  0.009571856  0.001203264
   -1    5    0  0.009571856  0.001203264
   -5    1    0  0.009571856  0.001203264
    5   -1    0  0.009571856  0.001203264
    1    5    0  0.009571856  0.001203264
    1   -5    0  0.009571856  0.001203264
   -5    2    0  0.002083495  0.000487426
   -2   -5    0  0.002083495  0.000487426
   -2    5    0  0.002083495  0.000487426
    2   -5    0  0.002083495  0.000487426
    5   -2    0  0.002083495  0.000487426
    2    5    0  0.002083495  0.000487426
    5    2    0  0.002083495  0.000487426
   -5   -2    0  0.002083495  0.000487426
    4   -4    0  0.012956783  0.001252844
   -4   -4    0  0.012956783  0.001252844
   -4    4    0  0.012956783  0.001252844
    4    4    0  0.012956783  0.001252844
    5    3    0  0.007309854  0.001022816
   -5   -3    0  0.007309854  0.001022816
   -3    5    0  0.007309854  0.001022816
   -5    3    0  0.007309854  0.001022816
    5   -3    0  0.007309854  0.001022816
    3   -5    0  0.007309854  0.001022816
   -3   -5    0  0.007309854  0.001022816
    3    5    0  0.007309854  0.001022816
    6    0    0  0.011240447  0.001147814
    0   -6    0  0.011240447  0.001147814
    0    6    0  0.011240447  0.001147814
   -6    0    0  0.011240447  0.001147814
   -6   -1    0  0.002107105  0.000479046
    6    1    0  0.002107105  0.000479046
    1   -6    0  0.002107105  0.000479046
   -6    1    0  0.002107105  0.000479046
   -1    6    0  0.002107105  0.000479046
   -1   -6    0  0.002107105  0.000479046
    1    6    0  0.002107105  0.000479046
    6   -1    0  0.002107105  0.000479046
    6    2    0  0.009849043  0.001054132
   -2   -6    0  0.009849043  0.001054132
    2    6    0  0.009849043  0.001054132
   -6   -2    0  0.009849043  0.001054132
   -2    6    0  0.009849043  0.001054132
    6   -2    0  0.009849043  0.001054132
    2   -6    0  0.009849043  0.001054132
   -6    2    0  0.009849043  0.001054132
   -5   -4    0  0.002079428  0.000471153
    4    5    0  0.002079428  0.000471153
    4   -5    0  0.002079428  0.000471153
   -4   -5    0  0.002079428  0.000471153
    5   -4    0  0.002079428  0.000471153
    5    4    0  0.002079428  0.000471153
   -4    5    0  0.002079428  0.000471153
   -5    4    0  0.002079428  0.000471153
   -3   -6    0  0.002036034  0.000461539
   -6    3    0  0.002036034  0.000461539
    6   -3    0  0.002036034  0.000461539
   -6   -3    0  0.002036034  0.000461539
    6    3    0  0.002036034  0.000461539
   -3    6    0  0.002036034  0.000461539
    3    6    0  0.002036034  0.000461539
    3   -6    0  0.002036034  0.000461539
    0    7    0  0.001982111  0.000450623
   -7    0    0  0.001982111  0.000450623
    7    0    0  0.001982111  0.000450623
    0   -7    0  0.001982111  0.000450623
   -5   -5    0  0.004746296  0.000757475
   -5    5    0  0.004746296  0.000757475
    5   -5    0  0.004746296  0.000757475
    5    5    0  0.004746296  0.000757475
   -1   -7    0  0.004746296  0.000757475
   -7    1    0  0.004746296  0.000757475
    7    1    0  0.004746296  0.000757475
    7   -1    0  0.004746296  0.000757475
   -7   -1    0  0.004746296  0.000757475
   -1    7    0  0.004746296  0.000757475
    1   -7    0  0.004746296  0.000757475
    1    7    0  0.004746296  0.000757475
   -4   -6    0  0.006929119  0.000826184
    4    6    0  0.006929119  0.000826184
    4   -6    0  0.006929119  0.000826184
    6    4    0  0.006929119  0.000826184
   -6   -4    0  0.006929119  0.000826184
    6   -4    0  0.006929119  0.000826184
   -4    6    0  0.006929119  0.000826184
   -6    4    0  0.006929119  0.000826184
   -2    7    0  0.001921387  0.000438739
   -7    2    0  0.001921387  0.000438739
    7   -2    0  0.001921387  0.000438739
    7    2    0  0.001921387  0.000438739
   -2   -7    0  0.001921387  0.000438739
    2    7    0  0.001921387  0.000438739
   -7   -2    0  0.001921387  0.000438739
    2   -7    0  0.001921387  0.000438739
   -7    3    0  0.003952333  0.000657543
    7    3    0  0.003952333  0.000657543
   -3    7    0  0.003952333  0.000657543
    3   -7    0  0.003952333  0.000657543
    3    7    0  0.003952333  0.000657543
   -7   -3    0  0.003952333  0.000657543
    7   -3    0  0.003952333  0.000657543
   -3   -7    0  0.003952333  0.000657543
    6   -5    0  0.001789533  0.000413088
    5    6    0  0.001789533  0.000413088
    5   -6    0  0.001789533  0.000413088
   -5    6    0  0.001789533  0.000413088
   -6    5    0  0.001789533  0.000413088
   -6   -5    0  0.001789533  0.000413088
   -5   -6    0  0.001789533  0.000413088
    6    5    0  0.001789533  0.000413088
    0   -8    0  0.005111875  0.000656369
   -8    0    0  0.005111875  0.000656369
    0    8    0  0.005111875  0.000656369
    8    0    0  0.005111875  0.000656369
   -1   -8    0  0.001721732  0.000399709
    1   -8    0  0.001721732  0.000399709
   -7   -4    0  0.001721732  0.000399709
    1    8    0  0.001721732  0.000399709
   -4   -7    0  0.001721732  0.000399709
   -7    4    0  0.001721732  0.000399709
    8   -1    0  0.001721732  0.000399709
    4    7    0  0.001721732  0.000399709
   -8    1    0  0.001721732  0.000399709
    7    4    0  0.001721732  0.000399709
    7   -4    0  0.001721732  0.000399709
    8    1    0  0.001721732  0.000399709
   -1    8    0  0.001721732  0.000399709
   -8   -1    0  0.001721732  0.000399709
    4   -7    0  0.001721732  0.000399709
   -4    7    0  0.001721732  0.000399709
   -8    2    0  0.004654671  0.000609336
    2    8    0  0.004654671  0.000609336
   -2    8    0  0.004654671  0.000609336
   -2   -8    0  0.004654671  0.000609336
    2   -8    0  0.004654671  0.000609336
    8   -2    0  0.004654671  0.000609336
    8    2    0  0.004654671  0.000609336
   -8   -2    0  0.004654671  0.000609336
    6    6    0  0.004251777  0.000566234
    6   -6    0  0.004251777  0.000566234
   -6   -6    0  0.004251777  0.000566234
   -6    6    0  0.004251777  0.000566234
   -3    8    0  0.001587467  0.000372557
   -8   -3    0  0.001587467  0.000372557
    8   -3    0  0.001587467  0.000372557
   -8    3    0  0.001587467  0.000372557
    3    8    0  0.001587467  0.000372557
    8    3    0  0.001587467  0.000372557
    3   -8    0  0.001587467  0.000372557
   -3   -8    0  0.001587467  0.000372557
   -7    5    0  0.002852656  0.000501414
    7    5    0  0.002852656  0.000501414
    5    7    0  0.002852656  0.000501414
    7   -5    0  0.002852656  0.000501414
   -5   -7    0  0.002852656  0.000501414
   -5    7    0  0.002852656  0.000501414
   -7   -5    0  0.002852656  0.000501414
    5   -7    0  0.002852656  0.000501414
    8    4    0  0.003577045  0.000490242
    8   -4    0  0.003577045  0.000490242
   -8   -4    0  0.003577045  0.000490242
   -8    4    0  0.003577045  0.000490242
    4   -8    0  0.003577045  0.000490242
    4    8    0  0.003577045  0.000490242
   -4    8    0  0.003577045  0.000490242
   -4   -8    0  0.003577045  0.000490242
    0   -9    0  0.001458696  0.000345528
    9    0    0  0.001458696  0.000345528
   -9    0    0  0.001458696  0.000345528
    0    9    0  0.001458696  0.000345528
   -1    9    0  0.002459006  0.000439832
    9    1    0  0.002459006  0.000439832
   -9   -1    0  0.002459006  0.000439832
    1    9    0  0.002459006  0.000439832
    9   -1    0  0.002459006  0.000439832
    1   -9    0  0.002459006  0.000439832
   -1   -9    0  0.002459006  0.000439832
   -9    1    0  0.002459006  0.000439832
   -7    6    0  0.001397162  0.000332237
   -6    7    0  0.001397162  0.000332237
    9    2    0  0.001397162  0.000332237
   -2    9    0  0.001397162  0.000332237
    7   -6    0  0.001397162  0.000332237
   -6   -7    0  0.001397162  0.000332237
    6    7    0  0.001397162  0.000332237
    7    6    0  0.001397162  0.000332237
   -7   -6    0  0.001397162  0.000332237
    2   -9    0  0.001397162  0.000332237
    9   -2    0  0.001397162  0.000332237
    6   -7    0  0.001397162  0.000332237
   -9   -2    0  0.001397162  0.000332237
   -2   -9    0  0.001397162  0.000332237
   -9    2    0  0.001397162  0.000332237
    2    9    0  0.001397162  0.000332237
    8   -5    0  0.001337740  0.000319162
   -5   -8    0  0.001337740  0.000319162
   -8   -5    0  0.001337740  0.000319162
   -8    5    0  0.001337740  0.000319162
   -5    8    0  0.001337740  0.000319162
    8    5    0  0.001337740  0.000319162
    5   -8    0  0.001337740  0.000319162
    5    8    0  0.001337740  0.000319162
    3   -9    0  0.002135326  0.000386691
   -9    3    0  0.002135326  0.000386691
   -9   -3    0  0.002135326  0.000386691
   -3    9    0  0.002135326  0.000386691
   -3   -9    0  0.002135326  0.000386691
    9    3    0  0.002135326  0.000386691
    3    9    0  0.002135326  0.000386691
    9   -3    0  0.002135326  0.000386691
    9    4    0  0.001225500  0.000293801
   -4    9    0  0.001225500  0.000293801
   -9   -4    0  0.001225500  0.000293801
    4   -9    0  0.001225500  0.000293801
    4    9    0  0.001225500  0.000293801
   -9    4    0  0.001225500  0.000293801
   -4   -9    0  0.001225500  0.000293801
    9   -4    0  0.001225500  0.000293801
    7    7    0  0.001865779  0.000340595
    7   -7    0  0.001865779  0.000340595
   -7   -7    0  0.001865779  0.000340595
   -7    7    0  0.001865779  0.000340595
   -8   -6    0  0.002412371  0.000346042
    8   -6    0  0.002412371  0.000346042
    0  -10    0  0.002412371  0.000346042
  -10    0    0  0.002412371  0.000346042
    8    6    0  0.002412371  0.000346042
   -8    6    0  0.002412371  0.000346042
    6    8    0  0.002412371  0.000346042
   10    0    0  0.002412371  0.000346042
   -6    8    0  0.002412371  0.000346042
   -6   -8    0  0.002412371  0.000346042
    0   10    0  0.002412371  0.000346042
    6   -8    0  0.002412371  0.000346042
   10   -1    0  0.001172709  0.000281567
    1  -10    0  0.001172709  0.000281567
   -1   10    0  0.001172709  0.000281567
   10    1    0  0.001172709  0.000281567
  -10   -1    0  0.001172709  0.000281567
   -1  -10    0  0.001172709  0.000281567
    1   10    0  0.001172709  0.000281567
  -10    1    0  0.001172709  0.000281567
  -10   -2    0  0.002241368  0.000323260
   10   -2    0  0.002241368  0.000323260
   -2   10    0  0.002241368  0.000323260
    2  -10    0  0.002241368  0.000323260
    2   10    0  0.002241368  0.000323260
   10    2    0  0.002241368  0.000323260
   -2  -10    0  0.002241368  0.000323260
  -10    2    0  0.002241368  0.000323260
   -5   -9    0  0.001638966  0.000300430
   -9   -5    0  0.001638966  0.000300430
    5    9    0  0.001638966  0.000300430
   -5    9    0  0.001638966  0.000300430
    9    5    0  0.001638966  0.000300430
    9   -5    0  0.001638966  0.000300430
   -9    5    0  0.001638966  0.000300430
    5   -9    0  0.001638966  0.000300430
    3  -10    0  0.001073661  0.000258075
  -10   -3    0  0.001073661  0.000258075
    3   10    0  0.001073661  0.000258075
   10   -3    0  0.001073661  0.000258075
   -3   10    0  0.001073661  0.000258075
  -10    3    0  0.001073661  0.000258075
   10    3    0  0.001073661  0.000258075
   -3  -10    0  0.001073661  0.000258075
   -8   -7    0  0.001027304  0.000246839
    7   -8    0  0.001027304  0.000246839
    8   -7    0  0.001027304  0.000246839
    7    8    0  0.001027304  0.000246839
   -7   -8    0  0.001027304  0.000246839
   -8    7    0  0.001027304  0.000246839
   -7    8    0  0.001027304  0.000246839
    8    7    0  0.001027304  0.000246839
   -4   10    0  0.001813136  0.000264108
    4   10    0  0.001813136  0.000264108
   -4  -10    0  0.001813136  0.000264108
   10    4    0  0.001813136  0.000264108
    4  -10    0  0.001813136  0.000264108
  -10    4    0  0.001813136  0.000264108
   10   -4    0  0.001813136  0.000264108
  -10   -4    0  0.001813136  0.000264108
    9    6    0  0.000982977  0.000235949
   -6   -9    0  0.000982977  0.000235949
   -6    9    0  0.000982977  0.000235949
   -9   -6    0  0.000982977  0.000235949
    9   -6    0  0.000982977  0.000235949
    6    9    0  0.000982977  0.000235949
   -9    6    0  0.000982977  0.000235949
    6   -9    0  0.000982977  0.000235949
  -11    0    0  0.000940609  0.000225409
    0  -11    0  0.000940609  0.000225409
   11    0    0  0.000940609  0.000225409
    0   11    0  0.000940609  0.000225409
    1  -11    0  0.001281820  0.000234459
   -1   11    0  0.001281820  0.000234459
  -11   -1    0  0.001281820  0.000234459
   11    1    0  0.001281820  0.000234459
  -11    1    0  0.001281820  0.000234459
   -1  -11    0  0.001281820  0.000234459
   11   -1    0  0.001281820  0.000234459
    1   11    0  0.001281820  0.000234459
   -5  -10    0  0.000900130  0.000215218
   -5   10    0  0.000900130  0.000215218
   -2  -11    0  0.000900130  0.000215218
   -2   11    0  0.000900130  0.000215218
    2   11    0  0.000900130  0.000215218
  -10   -5    0  0.000900130  0.000215218
  -11    2    0  0.000900130  0.000215218
    5  -10    0  0.000900130  0.000215218
   10   -5    0  0.000900130  0.000215218
   11   -2    0  0.000900130  0.000215218
   10    5    0  0.000900130  0.000215218
    2  -11    0  0.000900130  0.000215218
  -11   -2    0  0.000900130  0.000215218
    5   10    0  0.000900130  0.000215218
  -10    5    0  0.000900130  0.000215218
   11    2    0  0.000900130  0.000215218
    8    8    0  0.001483234  0.000216290
   -8    8    0  0.001483234  0.000216290
    8   -8    0  0.001483234  0.000216290
   -8   -8    0  0.001483234  0.000216290
   11   -3    0  0.001140136  0.000207308
   -3  -11    0  0.001140136  0.000207308
    3   11    0  0.001140136  0.000207308
   11    3    0  0.001140136  0.000207308
    3  -11    0  0.001140136  0.000207308
   -3   11    0  0.001140136  0.000207308
  -11   -3    0  0.001140136  0.000207308
  -11    3    0  0.001140136  0.000207308
   -7    9    0  0.001140136  0.000207308
   -9   -7    0  0.001140136  0.000207308
    7   -9    0  0.001140136  0.000207308
    7    9    0  0.001140136  0.000207308
    9   -7    0  0.001140136  0.000207308
   -7   -9    0  0.001140136  0.000207308
    9    7    0  0.001140136  0.000207308
   -9    7    0  0.001140136  0.000207308
  -10   -6    0  0.001304399  0.000189464
   -6   10    0  0.001304399  0.000189464
   10    6    0  0.001304399  0.000189464
   10   -6    0  0.001304399  0.000189464
    6  -10    0  0.001304399  0.000189464
   -6  -10    0  0.001304399  0.000189464
  -10    6    0  0.001304399  0.000189464
    6   10    0  0.001304399  0.000189464
   11   -4    0  0.000789281  0.000186718
   -4  -11    0  0.000789281  0.000186718
    4   11    0  0.000789281  0.000186718
  -11    4    0  0.000789281  0.000186718
    4  -11    0  0.000789281  0.000186718
   11    4    0  0.000789281  0.000186718
   -4   11    0  0.000789281  0.000186718
  -11   -4    0  0.000789281  0.000186718
  -12    0    0  0.001151580  0.000165996
    0  -12    0  0.001151580  0.000165996
    0   12    0  0.001151580  0.000165996
   12    0    0  0.001151580  0.000165996
   -8   -9    0  0.000723477  0.000169398
   -8    9    0  0.000723477  0.000169398
    9    8    0  0.000723477  0.000169398
   -1   12    0  0.000723477  0.000169398
   -1  -12    0  0.000723477  0.000169398
    8    9    0  0.000723477  0.000169398
    8   -9    0  0.000723477  0.000169398
   -9   -8    0  0.000723477  0.000169398
   -9    8    0  0.000723477  0.000169398
  -12    1    0  0.000723477  0.000169398
    1  -12    0  0.000723477  0.000169398
    9   -8    0  0.000723477  0.000169398
    1   12    0  0.000723477  0.000169398
   12    1    0  0.000723477  0.000169398
   12   -1    0  0.000723477  0.000169398
  -12   -1    0  0.000723477  0.000169398
   11    5    0  0.000910834  0.000162122
  -11    5    0  0.000910834  0.000162122
    5   11    0  0.000910834  0.000162122
    5  -11    0  0.000910834  0.000162122
   -5   11    0  0.000910834  0.000162122
   -5  -11    0  0.000910834  0.000162122
   11   -5    0  0.000910834  0.000162122
  -11   -5    0  0.000910834  0.000162122
  -12   -2    0  0.001083485  0.000155370
    2   12    0  0.001083485  0.000155370
   -2  -12    0  0.001083485  0.000155370
  -12    2    0  0.001083485  0.000155370
   12    2    0  0.001083485  0.000155370
   -2   12    0  0.001083485  0.000155370
   12   -2    0  0.001083485  0.000155370
    2  -12    0  0.001083485  0.000155370
  -10   -7    0  0.000692792  0.000161223
   -7   10    0  0.000692792  0.000161223
   -7  -10    0  0.000692792  0.000161223
   10    7    0  0.000692792  0.000161223
    7  -10    0  0.000692792  0.000161223
    7   10    0  0.000692792  0.000161223
   10   -7    0  0.000692792  0.000161223
  -10    7    0  0.000692792  0.000161223
   12   -3    0  0.000663497  0.000153362
    3   12    0  0.000663497  0.000153362
   -3   12    0  0.000663497  0.000153362
    3  -12    0  0.000663497  0.000153362
   -3  -12    0  0.000663497  0.000153362
  -12   -3    0  0.000663497  0.000153362
   12    3    0  0.000663497  0.000153362
  -12    3    0  0.000663497  0.000153362
    6  -11    0  0.000635527  0.000145806
   -6   11    0  0.000635527  0.000145806
  -11    6    0  0.000635527  0.000145806
   11   -6    0  0.000635527  0.000145806
  -11   -6    0  0.000635527  0.000145806
    6   11    0  0.000635527  0.000145806
   11    6    0  0.000635527  0.000145806
   -6  -11    0  0.000635527  0.000145806
  -12   -4    0  0.000906933  0.000127311
   12   -4    0  0.000906933  0.000127311
   12    4    0  0.000906933  0.000127311
   -4   12    0  0.000906933  0.000127311
   -4  -12    0  0.000906933  0.000127311
  -12    4    0  0.000906933  0.000127311
    4   12    0  0.000906933  0.000127311
    4  -12    0  0.000906933  0.000127311
    9   -9    0  0.000735823  0.000126583
   -9   -9    0  0.000735823  0.000126583
    9    9    0  0.000735823  0.000126583
   -9    9    0  0.000735823  0.000126583
  -10   -8    0  0.000856058  0.000119086
   10    8    0  0.000856058  0.000119086
   -8   10    0  0.000856058  0.000119086
   -8  -10    0  0.000856058  0.000119086
    8   10    0  0.000856058  0.000119086
  -10    8    0  0.000856058  0.000119086
   10   -8    0  0.000856058  0.000119086
    8  -10    0  0.000856058  0.000119086
   12   -5    0  0.000558965  0.000124891
  -12    5    0  0.000558965  0.000124891
   -5   12    0  0.000558965  0.000124891
   12    5    0  0.000558965  0.000124891
    5  -12    0  0.000558965  0.000124891
   -5  -12    0  0.000558965  0.000124891
  -12   -5    0  0.000558965  0.000124891
    5   12    0  0.000558965  0.000124891
    0   13    0  0.000558965  0.000124891
   13    0    0  0.000558965  0.000124891
    0  -13    0  0.000558965  0.000124891
  -13    0    0  0.000558965  0.000124891
    7   11    0  0.000663780  0.000111696
   -7  -11    0  0.000663780  0.000111696
  -11    7    0  0.000663780  0.000111696
   11    7    0  0.000663780  0.000111696
    7  -11    0  0.000663780  0.000111696
  -11   -7    0  0.000663780  0.000111696
   -7   11    0  0.000663780  0.000111696
   11   -7    0  0.000663780  0.000111696
   -1   13    0  0.000663780  0.000111696
   -1  -13    0  0.000663780  0.000111696
    1  -13    0  0.000663780  0.000111696
   13   -1    0  0.000663780  0.000111696
   13    1    0  0.000663780  0.000111696
  -13   -1    0  0.000663780  0.000111696
  -13    1    0  0.000663780  0.000111696
    1   13    0  0.000663780  0.000111696
   -2   13    0  0.000535706  0.000118475
    2  -13    0  0.000535706  0.000118475
   13    2    0  0.000535706  0.000118475
   -2  -13    0  0.000535706  0.000118475
  -13    2    0  0.000535706  0.000118475
   13   -2    0  0.000535706  0.000118475
  -13   -2    0  0.000535706  0.000118475
    2   13    0  0.000535706  0.000118475
  -13   -3    0  0.000600103  0.000098422
   13    3    0  0.000600103  0.000098422
   -3  -13    0  0.000600103  0.000098422
   -3   13    0  0.000600103  0.000098422
   13   -3    0  0.000600103  0.000098422
  -13    3    0  0.000600103  0.000098422
    3   13    0  0.000600103  0.000098422
    3  -13    0  0.000600103  0.000098422
    6  -12    0  0.000684369  0.000090858
  -12   -6    0  0.000684369  0.000090858
   12   -6    0  0.000684369  0.000090858
   12    6    0  0.000684369  0.000090858
    6   12    0  0.000684369  0.000090858
  -12    6    0  0.000684369  0.000090858
   -6   12    0  0.000684369  0.000090858
   -6  -12    0  0.000684369  0.000090858
    9  -10    0  0.000492266  0.000106424
   10   -9    0  0.000492266  0.000106424
    9   10    0  0.000492266  0.000106424
  -10    9    0  0.000492266  0.000106424
   10    9    0  0.000492266  0.000106424
   -9  -10    0  0.000492266  0.000106424
  -10   -9    0  0.000492266  0.000106424
   -9   10    0  0.000492266  0.000106424
  -11   -8    0  0.000471989  0.000100773
    8  -11    0  0.000471989  0.000100773
   11    8    0  0.000471989  0.000100773
  -13   -4    0  0.000471989  0.000100773
    8   11    0  0.000471989  0.000100773
   13    4    0  0.000471989  0.000100773
  -13    4    0  0.000471989  0.000100773
  -11    8    0  0.000471989  0.000100773
    4  -13    0  0.000471989  0.000100773
   -8   11    0  0.000471989  0.000100773
   11   -8    0  0.000471989  0.000100773
   13   -4    0  0.000471989  0.000100773
   -8  -11    0  0.000471989  0.000100773
   -4  -13    0  0.000471989  0.000100773
    4   13    0  0.000471989  0.000100773
   -4   13    0  0.000471989  0.000100773
  -12    7    0  0.000434096  0.000090175
    7  -12    0  0.000434096  0.000090175
   12    7    0  0.000434096  0.000090175
   -7   12    0  0.000434096  0.000090175
   12   -7    0  0.000434096  0.000090175
  -12   -7    0  0.000434096  0.000090175
   -7  -12    0  0.000434096  0.000090175
    7   12    0  0.000434096  0.000090175
   -5   13    0  0.000493422  0.000075975
  -13   -5    0  0.000493422  0.000075975
   13   -5    0  0.000493422  0.000075975
    5  -13    0  0.000493422  0.000075975
   13    5    0  0.000493422  0.000075975
    5   13    0  0.000493422  0.000075975
  -13    5    0  0.000493422  0.000075975
   -5  -13    0  0.000493422  0.000075975
  -14    0    0  0.000552740  0.000068740
    0   14    0  0.000552740  0.000068740
    0  -14    0  0.000552740  0.000068740
   14    0    0  0.000552740  0.000068740
   -1   14    0  0.000416398  0.000085213
   -1  -14    0  0.000416398  0.000085213
    1  -14    0  0.000416398  0.000085213
    1   14    0  0.000416398  0.000085213
  -14   -1    0  0.000416398  0.000085213
  -14    1    0  0.000416398  0.000085213
   14    1    0  0.000416398  0.000085213
   14   -1    0  0.000416398  0.000085213
  -10   10    0  0.000524756  0.000063990
   10  -10    0  0.000524756  0.000063990
  -10  -10    0  0.000524756  0.000063990
   10   10    0  0.000524756  0.000063990
   14    2    0  0.000524756  0.000063990
  -14   -2    0  0.000524756  0.000063990
  -14    2    0  0.000524756  0.000063990
   -2  -14    0  0.000524756  0.000063990
   14   -2    0  0.000524756  0.000063990
    2   14    0  0.000524756  0.000063990
   -2   14    0  0.000524756  0.000063990
    2  -14    0  0.000524756  0.000063990
   11   -9    0  0.000448635  0.000066494
   -9  -11    0  0.000448635  0.000066494
   11    9    0  0.000448635  0.000066494
  -11   -9    0  0.000448635  0.000066494
  -11    9    0  0.000448635  0.000066494
    9   11    0  0.000448635  0.000066494
    9  -11    0  0.000448635  0.000066494
   -9   11    0  0.000448635  0.000066494
   13   -6    0  0.000383302  0.000075921
  -14   -3    0  0.000383302  0.000075921
   -6  -13    0  0.000383302  0.000075921
   14    3    0  0.000383302  0.000075921
  -14    3    0  0.000383302  0.000075921
  -13    6    0  0.000383302  0.000075921
    6   13    0  0.000383302  0.000075921
   13    6    0  0.000383302  0.000075921
    3   14    0  0.000383302  0.000075921
  -13   -6    0  0.000383302  0.000075921
   -3   14    0  0.000383302  0.000075921
    3  -14    0  0.000383302  0.000075921
   -6   13    0  0.000383302  0.000075921
   14   -3    0  0.000383302  0.000075921
   -3  -14    0  0.000383302  0.000075921
    6  -13    0  0.000383302  0.000075921
    8  -12    0  0.000473729  0.000055291
    8   12    0  0.000473729  0.000055291
   -8  -12    0  0.000473729  0.000055291
   -8   12    0  0.000473729  0.000055291
   12   -8    0  0.000473729  0.000055291
  -12   -8    0  0.000473729  0.000055291
  -12    8    0  0.000473729  0.000055291
   12    8    0  0.000473729  0.000055291
   14   -4    0  0.000450456  0.000051311
    4   14    0  0.000450456  0.000051311
    4  -14    0  0.000450456  0.000051311
   14    4    0  0.000450456  0.000051311
  -14   -4    0  0.000450456  0.000051311
   -4  -14    0  0.000450456  0.000051311
   -4   14    0  0.000450456  0.000051311
  -14    4    0  0.000450456  0.000051311
   13    7    0  0.000372688  0.000050392
    7  -13    0  0.000372688  0.000050392
  -13    7    0  0.000372688  0.000050392
   -7  -13    0  0.000372688  0.000050392
    7   13    0  0.000372688  0.000050392
   13   -7    0  0.000372688  0.000050392
  -13   -7    0  0.000372688  0.000050392
   -7   13    0  0.000372688  0.000050392
  -11   10    0  0.000325351  0.000059655
  -10   11    0  0.000325351  0.000059655
   11   10    0  0.000325351  0.000059655
   10   11    0  0.000325351  0.000059655
  -11  -10    0  0.000325351  0.000059655
   10  -11    0  0.000325351  0.000059655
   11  -10    0  0.000325351  0.000059655
  -10  -11    0  0.000325351  0.000059655
   14   -5    0  0.000325351  0.000059655
   -5   14    0  0.000325351  0.000059655
    5  -14    0  0.000325351  0.000059655
    5   14    0  0.000325351  0.000059655
   14    5    0  0.000325351  0.000059655
   -5  -14    0  0.000325351  0.000059655
  -14    5    0  0.000325351  0.000059655
  -14   -5    0  0.000325351  0.000059655
  -15    0    0  0.000312397  0.000056030
    0   15    0  0.000312397  0.000056030
   12    9    0  0.000312397  0.000056030
   -9   12    0  0.000312397  0.000056030
    9  -12    0  0.000312397  0.000056030
  -12   -9    0  0.000312397  0.000056030
    9   12    0  0.000312397  0.000056030
  -12    9    0  0.000312397  0.000056030
   12   -9    0  0.000312397  0.000056030
   -9  -12    0  0.000312397  0.000056030
   15    0    0  0.000312397  0.000056030
    0  -15    0  0.000312397  0.000056030
    1   15    0  0.000340434  0.000043568
   -1  -15    0  0.000340434  0.000043568
  -15    1    0  0.000340434  0.000043568
   15   -1    0  0.000340434  0.000043568
   15    1    0  0.000340434  0.000043568
  -15   -1    0  0.000340434  0.000043568
   -1   15    0  0.000340434  0.000043568
    1  -15    0  0.000340434  0.000043568
   -2   15    0  0.000300000  0.000052568
   15   -2    0  0.000300000  0.000052568
   15    2    0  0.000300000  0.000052568
  -15   -2    0  0.000300000  0.000052568
    2  -15    0  0.000300000  0.000052568
   -2  -15    0  0.000300000  0.000052568
  -15    2    0  0.000300000  0.000052568
    2   15    0  0.000300000  0.000052568
    6  -14    0  0.000352663  0.000034541
  -14   -6    0  0.000352663  0.000034541
   -6   14    0  0.000352663  0.000034541
   14    6    0  0.000352663  0.000034541
  -14    6    0  0.000352663  0.000034541
   14   -6    0  0.000352663  0.000034541
   -6  -14    0  0.000352663  0.000034541
    6   14    0  0.000352663  0.000034541
   13    8    0  0.000288134  0.000049262
  -13   -8    0  0.000288134  0.000049262
    8  -13    0  0.000288134  0.000049262
   -8   13    0  0.000288134  0.000049262
  -13    8    0  0.000288134  0.000049262
   -8  -13    0  0.000288134  0.000049262
   13   -8    0  0.000288134  0.000049262
    8   13    0  0.000288134  0.000049262
  -15    3    0  0.000311393  0.000037446
   -3  -15    0  0.000311393  0.000037446
    3  -15    0  0.000311393  0.000037446
   -3   15    0  0.000311393  0.000037446
   15   -3    0  0.000311393  0.000037446
    3   15    0  0.000311393  0.000037446
   15    3    0  0.000311393  0.000037446
  -15   -3    0  0.000311393  0.000037446
    4  -15    0  0.000265898  0.000043096
   -4  -15    0  0.000265898  0.000043096
   15    4    0  0.000265898  0.000043096
    4   15    0  0.000265898  0.000043096
  -15   -4    0  0.000265898  0.000043096
   15   -4    0  0.000265898  0.000043096
   -4   15    0  0.000265898  0.000043096
  -15    4    0  0.000265898  0.000043096
  -11   11    0  0.000285191  0.000031953
   11  -11    0  0.000285191  0.000031953
  -11  -11    0  0.000285191  0.000031953
   11   11    0  0.000285191  0.000031953
  -12   10    0  0.000306089  0.000026573
   10  -12    0  0.000306089  0.000026573
   12  -10    0  0.000306089  0.000026573
   12   10    0  0.000306089  0.000026573
  -10   12    0  0.000306089  0.000026573
  -10  -12    0  0.000306089  0.000026573
   10   12    0  0.000306089  0.000026573
  -12  -10    0  0.000306089  0.000026573
   14    7    0  0.000255483  0.000040223
  -14   -7    0  0.000255483  0.000040223
   14   -7    0  0.000255483  0.000040223
   -7   14    0  0.000255483  0.000040223
   -7  -14    0  0.000255483  0.000040223
    7   14    0  0.000255483  0.000040223
    7  -14    0  0.000255483  0.000040223
  -14    7    0  0.000255483  0.000040223
   -5   15    0  0.000261505  0.000027024
  -15    5    0  0.000261505  0.000027024
   -5  -15    0  0.000261505  0.000027024
    5  -15    0  0.000261505  0.000027024
   15    5    0  0.000261505  0.000027024
  -15   -5    0  0.000261505  0.000027024
  -13   -9    0  0.000261505  0.000027024
   13    9    0  0.000261505  0.000027024
   -9  -13    0  0.000261505  0.000027024
   15   -5    0  0.000261505  0.000027024
    5   15    0  0.000261505  0.000027024
    9  -13    0  0.000261505  0.000027024
    9   13    0  0.000261505  0.000027024
   13   -9    0  0.000261505  0.000027024
  -13    9    0  0.000261505  0.000027024
   -9   13    0  0.000261505  0.000027024
  -16    0    0  0.000266598  0.000019867
   16    0    0  0.000266598  0.000019867
    0  -16    0  0.000266598  0.000019867
    0   16    0  0.000266598  0.000019867
   -1  -16    0  0.000226797  0.000032380
    1   16    0  0.000226797  0.000032380
  -16   -1    0  0.000226797  0.000032380
   -1   16    0  0.000226797  0.000032380
  -16    1    0  0.000226797  0.000032380
   16   -1    0  0.000226797  0.000032380
   16    1    0  0.000226797  0.000032380
    1  -16    0  0.000226797  0.000032380
    2   16    0  0.000254786  0.000017876
   14   -8    0  0.000254786  0.000017876
    8   14    0  0.000254786  0.000017876
   -8   14    0  0.000254786  0.000017876
   -2  -16    0  0.000254786  0.000017876
  -16    2    0  0.000254786  0.000017876
    2  -16    0  0.000254786  0.000017876
   16   -2    0  0.000254786  0.000017876
   -8  -14    0  0.000254786  0.000017876
  -14   -8    0  0.000254786  0.000017876
   16    2    0  0.000254786  0.000017876
  -14    8    0  0.000254786  0.000017876
   -2   16    0  0.000254786  0.000017876
    8  -14    0  0.000254786  0.000017876
  -16   -2    0  0.000254786  0.000017876
   14    8    0  0.000254786  0.000017876
    6  -15    0  0.000218024  0.000030007
  -15    6    0  0.000218024  0.000030007
   15   -6    0  0.000218024  0.000030007
   -6  -15    0  0.000218024  0.000030007
   15    6    0  0.000218024  0.000030007
  -15   -6    0  0.000218024  0.000030007
   -6   15    0  0.000218024  0.000030007
    6   15    0  0.000218024  0.000030007
  -12  -11    0  0.000209617  0.000027747
  -12   11    0  0.000209617  0.000027747
   12  -11    0  0.000209617  0.000027747
   11   12    0  0.000209617  0.000027747
  -11   12    0  0.000209617  0.000027747
  -11  -12    0  0.000209617  0.000027747
   11  -12    0  0.000209617  0.000027747
   12   11    0  0.000209617  0.000027747
    3  -16    0  0.000209617  0.000027747
    3   16    0  0.000209617  0.000027747
   16   -3    0  0.000209617  0.000027747
   -3  -16    0  0.000209617  0.000027747
   -3   16    0  0.000209617  0.000027747
  -16    3    0  0.000209617  0.000027747
  -16   -3    0  0.000209617  0.000027747
   16    3    0  0.000209617  0.000027747
   10  -13    0  0.000201558  0.000025594
  -13  -10    0  0.000201558  0.000025594
  -10   13    0  0.000201558  0.000025594
  -10  -13    0  0.000201558  0.000025594
   13   10    0  0.000201558  0.000025594
   10   13    0  0.000201558  0.000025594
  -13   10    0  0.000201558  0.000025594
   13  -10    0  0.000201558  0.000025594
  -16    4    0  0.000222852  0.000012548
    4  -16    0  0.000222852  0.000012548
   16    4    0  0.000222852  0.000012548
    4   16    0  0.000222852  0.000012548
  -16   -4    0  0.000222852  0.000012548
   -4   16    0  0.000222852  0.000012548
   -4  -16    0  0.000222852  0.000012548
   16   -4    0  0.000222852  0.000012548
   15   -7    0  0.000202918  0.000015078
   15    7    0  0.000202918  0.000015078
   -7  -15    0  0.000202918  0.000015078
   -7   15    0  0.000202918  0.000015078
    7  -15    0  0.000202918  0.000015078
  -15   -7    0  0.000202918  0.000015078
    7   15    0  0.000202918  0.000015078
  -15    7    0  0.000202918  0.000015078
  -14   -9    0  0.000186425  0.000021593
   -9   14    0  0.000186425  0.000021593
   14    9    0  0.000186425  0.000021593
    9   14    0  0.000186425  0.000021593
   14   -9    0  0.000186425  0.000021593
    9  -14    0  0.000186425  0.000021593
   -9  -14    0  0.000186425  0.000021593
  -14    9    0  0.000186425  0.000021593
   -5   16    0  0.000179322  0.000019736
   16    5    0  0.000179322  0.000019736
   -5  -16    0  0.000179322  0.000019736
    5  -16    0  0.000179322  0.000019736
  -16   -5    0  0.000179322  0.000019736
   16   -5    0  0.000179322  0.000019736
    5   16    0  0.000179322  0.000019736
  -16    5    0  0.000179322  0.000019736
  -12  -12    0  0.000187231  0.000006741
   12   12    0  0.000187231  0.000006741
  -12   12    0  0.000187231  0.000006741
   12  -12    0  0.000187231  0.000006741
   15    8    0  0.000165973  0.000016292
    0   17    0  0.000165973  0.000016292
  -15   -8    0  0.000165973  0.000016292
   17    0    0  0.000165973  0.000016292
   -8   15    0  0.000165973  0.000016292
   15   -8    0  0.000165973  0.000016292
    8  -15    0  0.000165973  0.000016292
    8   15    0  0.000165973  0.000016292
   -8  -15    0  0.000165973  0.000016292
  -15    8    0  0.000165973  0.000016292
  -17    0    0  0.000165973  0.000016292
    0  -17    0  0.000165973  0.000016292
  -13  -11    0  0.000172168  0.000009038
   13   11    0  0.000172168  0.000009038
  -13   11    0  0.000172168  0.000009038
   11  -13    0  0.000172168  0.000009038
   11   13    0  0.000172168  0.000009038
  -11   13    0  0.000172168  0.000009038
  -11  -13    0  0.000172168  0.000009038
   13  -11    0  0.000172168  0.000009038
    1  -17    0  0.000172168  0.000009038
   -1  -17    0  0.000172168  0.000009038
    1   17    0  0.000172168  0.000009038
   -1   17    0  0.000172168  0.000009038
   17    1    0  0.000172168  0.000009038
   17   -1    0  0.000172168  0.000009038
  -17    1    0  0.000172168  0.000009038
  -17   -1    0  0.000172168  0.000009038
    6  -16    0  0.000179384  0.000005489
   16    6    0  0.000179384  0.000005489
    6   16    0  0.000179384  0.000005489
   -6  -16    0  0.000179384  0.000005489
   -6   16    0  0.000179384  0.000005489
  -16    6    0  0.000179384  0.000005489
  -16   -6    0  0.000179384  0.000005489
   16   -6    0  0.000179384  0.000005489
   17    2    0  0.000159703  0.000014696
  -17   -2    0  0.000159703  0.000014696
  -17    2    0  0.000159703  0.000014696
   -2   17    0  0.000159703  0.000014696
    2   17    0  0.000159703  0.000014696
   -2  -17    0  0.000159703  0.000014696
   17   -2    0  0.000159703  0.000014696
    2  -17    0  0.000159703  0.000014696
   10  -14    0  0.000171913  0.000004309
  -14  -10    0  0.000171913  0.000004309
   14   10    0  0.000171913  0.000004309
  -10  -14    0  0.000171913  0.000004309
  -10   14    0  0.000171913  0.000004309
   10   14    0  0.000171913  0.000004309
   14  -10    0  0.000171913  0.000004309
  -14   10    0  0.000171913  0.000004309
  -17    3    0  0.000158790  0.000006486
    3  -17    0  0.000158790  0.000006486
   17    3    0  0.000158790  0.000006486
  -17   -3    0  0.000158790  0.000006486
   -3  -17    0  0.000158790  0.000006486
    3   17    0  0.000158790  0.000006486
   -3   17    0  0.000158790  0.000006486
   17   -3    0  0.000158790  0.000006486
  -16   -7    0  0.000142372  0.000010373
   16   -7    0  0.000142372  0.000010373
   -7   16    0  0.000142372  0.000010373
   16    7    0  0.000142372  0.000010373
   -7  -16    0  0.000142372  0.000010373
    7  -16    0  0.000142372  0.000010373
    7   16    0  0.000142372  0.000010373
  -16    7    0  0.000142372  0.000010373
  -17   -4    0  0.000142372  0.000010373
  -17    4    0  0.000142372  0.000010373
    4  -17    0  0.000142372  0.000010373
   -4   17    0  0.000142372  0.000010373
   17    4    0  0.000142372  0.000010373
    4   17    0  0.000142372  0.000010373
   -4  -17    0  0.000142372  0.000010373
   17   -4    0  0.000142372  0.000010373
   15   -9    0  0.000146565  0.000004206
  -15    9    0  0.000146565  0.000004206
   15    9    0  0.000146565  0.000004206
  -15   -9    0  0.000146565  0.000004206
   -9  -15    0  0.000146565  0.000004206
    9   15    0  0.000146565  0.000004206
   -9   15    0  0.000146565  0.000004206
    9  -15    0  0.000146565  0.000004206
   12  -13    0  0.000131946  0.000007845
  -13   12    0  0.000131946  0.000007845
  -12   13    0  0.000131946  0.000007845
   13  -12    0  0.000131946  0.000007845
  -12  -13    0  0.000131946  0.000007845
   13   12    0  0.000131946  0.000007845
   12   13    0  0.000131946  0.000007845
  -13  -12    0  0.000131946  0.000007845
  -17    5    0  0.000135382  0.000002173
   17   -5    0  0.000135382  0.000002173
   17    5    0  0.000135382  0.000002173
  -17   -5    0  0.000135382  0.000002173
    5   17    0  0.000135382  0.000002173
    5  -17    0  0.000135382  0.000002173
   -5   17    0  0.000135382  0.000002173
   -5  -17    0  0.000135382  0.000002173
   11   14    0  0.000127042  0.000006678
  -11  -14    0  0.000127042  0.000006678
   14   11    0  0.000127042  0.000006678
   14  -11    0  0.000127042  0.000006678
  -14  -11    0  0.000127042  0.000006678
   11  -14    0  0.000127042  0.000006678
  -11   14    0  0.000127042  0.000006678
  -14   11    0  0.000127042  0.000006678
   16   -8    0  0.000133899 -0.000001463
   -8  -16    0  0.000133899 -0.000001463
    8  -16    0  0.000133899 -0.000001463
   16    8    0  0.000133899 -0.000001463
  -16    8    0  0.000133899 -0.000001463
   -8   16    0  0.000133899 -0.000001463
    8   16    0  0.000133899 -0.000001463
  -16   -8    0  0.000133899 -0.000001463
  -18    0    0  0.000128543 -0.000002235
   18    0    0  0.000128543 -0.000002235
    0   18    0  0.000128543 -0.000002235
    0  -18    0  0.000128543 -0.000002235
  -15   10    0  0.000117810  0.000004524
   -1   18    0  0.000117810  0.000004524
   -6  -17    0  0.000117810  0.000004524
   10   15    0  0.000117810  0.000004524
   18   -1    0  0.000117810  0.000004524
  -15  -10    0  0.000117810  0.000004524
    1  -18    0  0.000117810  0.000004524
   15   10    0  0.000117810  0.000004524
    6   17    0  0.000117810  0.000004524
  -10  -15    0  0.000117810  0.000004524
   10  -15    0  0.000117810  0.000004524
  -18   -1    0  0.000117810  0.000004524
   18    1    0  0.000117810  0.000004524
  -18    1    0  0.000117810  0.000004524
   -1  -18    0  0.000117810  0.000004524
    1   18    0  0.000117810  0.000004524
   15  -10    0  0.000117810  0.000004524
   -6   17    0  0.000117810  0.000004524
   17   -6    0  0.000117810  0.000004524
   17    6    0  0.000117810  0.000004524
  -17   -6    0  0.000117810  0.000004524
  -17    6    0  0.000117810  0.000004524
    6  -17    0  0.000117810  0.000004524
  -10   15    0  0.000117810  0.000004524
   -2   18    0  0.000123427 -0.000002960
    2   18    0  0.000123427 -0.000002960
    2  -18    0  0.000123427 -0.000002960
   -2  -18    0  0.000123427 -0.000002960
   18    2    0  0.000123427 -0.000002960
   18   -2    0  0.000123427 -0.000002960
  -18   -2    0  0.000123427 -0.000002960
  -18    2    0  0.000123427 -0.000002960
   -3  -18    0  0.000109291  0.000002594
    3   18    0  0.000109291  0.000002594
   -3   18    0  0.000109291  0.000002594
  -18   -3    0  0.000109291  0.000002594
   18   -3    0  0.000109291  0.000002594
   18    3    0  0.000109291  0.000002594
  -18    3    0  0.000109291  0.000002594
    3  -18    0  0.000109291  0.000002594
  -16   -9    0  0.000105280  0.000001707
  -16    9    0  0.000105280  0.000001707
   16   -9    0  0.000105280  0.000001707
   -9   16    0  0.000105280  0.000001707
   16    9    0  0.000105280  0.000001707
    9  -16    0  0.000105280  0.000001707
    9   16    0  0.000105280  0.000001707
   -9  -16    0  0.000105280  0.000001707
   -7  -17    0  0.000107130 -0.000002673
  -13   13    0  0.000107130 -0.000002673
    7   17    0  0.000107130 -0.000002673
  -17   -7    0  0.000107130 -0.000002673
   13   13    0  0.000107130 -0.000002673
   17   -7    0  0.000107130 -0.000002673
  -13  -13    0  0.000107130 -0.000002673
   -7   17    0  0.000107130 -0.000002673
   17    7    0  0.000107130 -0.000002673
   13  -13    0  0.000107130 -0.000002673
  -17    7    0  0.000107130 -0.000002673
    7  -17    0  0.000107130 -0.000002673
    4   18    0  0.000109407 -0.000004878
   -4   18    0  0.000109407 -0.000004878
   -4  -18    0  0.000109407 -0.000004878
    4  -18    0  0.000109407 -0.000004878
   14  -12    0  0.000109407 -0.000004878
   14   12    0  0.000109407 -0.000004878
   12   14    0  0.000109407 -0.000004878
   18    4    0  0.000109407 -0.000004878
   18   -4    0  0.000109407 -0.000004878
  -14   12    0  0.000109407 -0.000004878
  -18    4    0  0.000109407 -0.000004878
  -12   14    0  0.000109407 -0.000004878
  -12  -14    0  0.000109407 -0.000004878
   12  -14    0  0.000109407 -0.000004878
  -18   -4    0  0.000109407 -0.000004878
  -14  -12    0  0.000109407 -0.000004878
  -15  -11    0  0.000099212 -0.000003933
  -15   11    0  0.000099212 -0.000003933
   15  -11    0  0.000099212 -0.000003933
  -11   15    0  0.000099212 -0.000003933
   11  -15    0  0.000099212 -0.000003933
   15   11    0  0.000099212 -0.000003933
  -11  -15    0  0.000099212 -0.000003933
   11   15    0  0.000099212 -0.000003933
    5   18    0  0.000094162 -0.000000672
   18   -5    0  0.000094162 -0.000000672
   -5  -18    0  0.000094162 -0.000000672
  -18    5    0  0.000094162 -0.000000672
   -5   18    0  0.000094162 -0.000000672
   18    5    0  0.000094162 -0.000000672
    5  -18    0  0.000094162 -0.000000672
  -18   -5    0  0.000094162 -0.000000672
  -17   -8    0  0.000090740 -0.000001377
   -8  -17    0  0.000090740 -0.000001377
  -17    8    0  0.000090740 -0.000001377
    8   17    0  0.000090740 -0.000001377
    8  -17    0  0.000090740 -0.000001377
   -8   17    0  0.000090740 -0.000001377
   17    8    0  0.000090740 -0.000001377
   17   -8    0  0.000090740 -0.000001377
   10  -16    0  0.000093412 -0.000006909
  -16   10    0  0.000093412 -0.000006909
  -16  -10    0  0.000093412 -0.000006909
   10   16    0  0.000093412 -0.000006909
   16  -10    0  0.000093412 -0.000006909
  -10   16    0  0.000093412 -0.000006909
  -10  -16    0  0.000093412 -0.000006909
   16   10    0  0.000093412 -0.000006909
   18   -6    0  0.000089833 -0.000007335
   -6  -18    0  0.000089833 -0.000007335
  -18    6    0  0.000089833 -0.000007335
  -18   -6    0  0.000089833 -0.000007335
    6   18    0  0.000089833 -0.000007335
    6  -18    0  0.000089833 -0.000007335
   18    6    0  0.000089833 -0.000007335
   -6   18    0  0.000089833 -0.000007335
  -19    0    0  0.000084286 -0.000002668
    0   19    0  0.000084286 -0.000002668
    0  -19    0  0.000084286 -0.000002668
   19    0    0  0.000084286 -0.000002668
   -1   19    0  0.000085229 -0.000006018
    1  -19    0  0.000085229 -0.000006018
   19    1    0  0.000085229 -0.000006018
   -1  -19    0  0.000085229 -0.000006018
  -19    1    0  0.000085229 -0.000006018
   19   -1    0  0.000085229 -0.000006018
  -19   -1    0  0.000085229 -0.000006018
    1   19    0  0.000085229 -0.000006018
  -14   13    0  0.000081243 -0.000003257
   14   13    0  0.000081243 -0.000003257
    2  -19    0  0.000081243 -0.000003257
  -19    2    0  0.000081243 -0.000003257
   14  -13    0  0.000081243 -0.000003257
   -2  -19    0  0.000081243 -0.000003257
  -13   14    0  0.000081243 -0.000003257
   -2   19    0  0.000081243 -0.000003257
    2   19    0  0.000081243 -0.000003257
   19    2    0  0.000081243 -0.000003257
   13  -14    0  0.000081243 -0.000003257
   19   -2    0  0.000081243 -0.000003257
  -14  -13    0  0.000081243 -0.000003257
  -13  -14    0  0.000081243 -0.000003257
  -19   -2    0  0.000081243 -0.000003257
   13   14    0  0.000081243 -0.000003257
  -15   12    0  0.000078317 -0.000003811
   15   12    0  0.000078317 -0.000003811
  -15  -12    0  0.000078317 -0.000003811
   12  -15    0  0.000078317 -0.000003811
   15  -12    0  0.000078317 -0.000003811
  -12   15    0  0.000078317 -0.000003811
   12   15    0  0.000078317 -0.000003811
  -12  -15    0  0.000078317 -0.000003811
   -3   19    0  0.000079057 -0.000006870
    3  -19    0  0.000079057 -0.000006870
   17   -9    0  0.000079057 -0.000006870
  -19    3    0  0.000079057 -0.000006870
    3   19    0  0.000079057 -0.000006870
   -9   17    0  0.000079057 -0.000006870
  -17   -9    0  0.000079057 -0.000006870
   17    9    0  0.000079057 -0.000006870
    9   17    0  0.000079057 -0.000006870
   -3  -19    0  0.000079057 -0.000006870
   19   -3    0  0.000079057 -0.000006870
    9  -17    0  0.000079057 -0.000006870
   -9  -17    0  0.000079057 -0.000006870
   19    3    0  0.000079057 -0.000006870
  -19   -3    0  0.000079057 -0.000006870
  -17    9    0  0.000079057 -0.000006870
   18   -7    0  0.000075503 -0.000004331
    7   18    0  0.000075503 -0.000004331
   -7   18    0  0.000075503 -0.000004331
  -18   -7    0  0.000075503 -0.000004331
   -7  -18    0  0.000075503 -0.000004331
   18    7    0  0.000075503 -0.000004331
    7  -18    0  0.000075503 -0.000004331
  -18    7    0  0.000075503 -0.000004331
   16   11    0  0.000072795 -0.000004818
  -16   11    0  0.000072795 -0.000004818
   16  -11    0  0.000072795 -0.000004818
   11   16    0  0.000072795 -0.000004818
  -16  -11    0  0.000072795 -0.000004818
  -11   16    0  0.000072795 -0.000004818
   11  -16    0  0.000072795 -0.000004818
  -11  -16    0  0.000072795 -0.000004818
    4  -19    0  0.000072795 -0.000004818
   -4  -19    0  0.000072795 -0.000004818
   -4   19    0  0.000072795 -0.000004818
   19   -4    0  0.000072795 -0.000004818
   19    4    0  0.000072795 -0.000004818
    4   19    0  0.000072795 -0.000004818
  -19   -4    0  0.000072795 -0.000004818
  -19    4    0  0.000072795 -0.000004818
